 129   rhopsi, Te, ne, Zeff, Ti, ni profiles
  0.00000000E+00
  8.83883476E-02
  1.25000000E-01
  1.53093109E-01
  1.76776695E-01
  1.97642354E-01
  2.16506351E-01
  2.33853587E-01
  2.50000000E-01
  2.65165043E-01
  2.79508497E-01
  2.93150985E-01
  3.06186218E-01
  3.18688720E-01
  3.30718914E-01
  3.42326598E-01
  3.53553391E-01
  3.64434493E-01
  3.75000000E-01
  3.85275875E-01
  3.95284708E-01
  4.05046294E-01
  4.14578099E-01
  4.23895624E-01
  4.33012702E-01
  4.41941738E-01
  4.50693909E-01
  4.59279327E-01
  4.67707173E-01
  4.75985819E-01
  4.84122918E-01
  4.92125492E-01
  5.00000000E-01
  5.07752400E-01
  5.15388203E-01
  5.22912517E-01
  5.30330086E-01
  5.37645329E-01
  5.44862368E-01
  5.51985054E-01
  5.59016994E-01
  5.65961571E-01
  5.72821962E-01
  5.79601156E-01
  5.86301970E-01
  5.92927061E-01
  5.99478940E-01
  6.05959982E-01
  6.12372436E-01
  6.18718434E-01
  6.25000000E-01
  6.31219059E-01
  6.37377439E-01
  6.43476884E-01
  6.49519053E-01
  6.55505530E-01
  6.61437828E-01
  6.67317391E-01
  6.73145601E-01
  6.78923781E-01
  6.84653197E-01
  6.90335064E-01
  6.95970545E-01
  7.01560760E-01
  7.07106781E-01
  7.12609641E-01
  7.18070331E-01
  7.23489806E-01
  7.28868987E-01
  7.34208758E-01
  7.39509973E-01
  7.44773455E-01
  7.50000000E-01
  7.55190373E-01
  7.60345316E-01
  7.65465545E-01
  7.70551750E-01
  7.75604603E-01
  7.80624750E-01
  7.85612818E-01
  7.90569415E-01
  7.95495129E-01
  8.00390530E-01
  8.05256170E-01
  8.10092587E-01
  8.14900301E-01
  8.19679816E-01
  8.24431622E-01
  8.29156198E-01
  8.33854004E-01
  8.38525492E-01
  8.43171098E-01
  8.47791248E-01
  8.52386356E-01
  8.56956825E-01
  8.61503047E-01
  8.66025404E-01
  8.70524267E-01
  8.75000000E-01
  8.79452955E-01
  8.83883476E-01
  8.88291900E-01
  8.92678554E-01
  8.97043756E-01
  9.01387819E-01
  9.05711047E-01
  9.10013736E-01
  9.14296177E-01
  9.18558654E-01
  9.22801441E-01
  9.27024811E-01
  9.31229027E-01
  9.35414347E-01
  9.39581024E-01
  9.43729304E-01
  9.47859431E-01
  9.51971638E-01
  9.56066159E-01
  9.60143218E-01
  9.64203039E-01
  9.68245837E-01
  9.72271824E-01
  9.76281209E-01
  9.80274196E-01
  9.84250984E-01
  9.88211769E-01
  9.92156742E-01
  9.96086091E-01
  1.00000000E+00
  8.10705000E+02
  8.13236653E+02
  8.15404249E+02
  8.17303123E+02
  8.18877968E+02
  8.20135710E+02
  8.21086168E+02
  8.21738064E+02
  8.22090511E+02
  8.22146722E+02
  8.21915367E+02
  8.21402340E+02
  8.20611102E+02
  8.19544406E+02
  8.18205476E+02
  8.16599700E+02
  8.14735251E+02
  8.12622619E+02
  8.10268357E+02
  8.07677058E+02
  8.04852601E+02
  8.01798176E+02
  7.98517333E+02
  7.95013197E+02
  7.91289037E+02
  7.87349835E+02
  7.83198874E+02
  7.78841475E+02
  7.74282898E+02
  7.69529395E+02
  7.64589546E+02
  7.59469634E+02
  7.54179659E+02
  7.48725545E+02
  7.43114679E+02
  7.37352493E+02
  7.31440542E+02
  7.25386435E+02
  7.19192289E+02
  7.12861518E+02
  7.06403278E+02
  6.99813746E+02
  6.93106751E+02
  6.86279119E+02
  6.79342368E+02
  6.72292362E+02
  6.65144500E+02
  6.57894175E+02
  6.50552634E+02
  6.43124027E+02
  6.35608827E+02
  6.28020173E+02
  6.20356095E+02
  6.12624676E+02
  6.04836091E+02
  5.96987867E+02
  5.89088660E+02
  5.81147545E+02
  5.73168073E+02
  5.65151004E+02
  5.57109114E+02
  5.49048146E+02
  5.40969128E+02
  5.32876350E+02
  5.24782572E+02
  5.16691636E+02
  5.08609409E+02
  5.00530881E+02
  4.92470215E+02
  4.84433601E+02
  4.76426083E+02
  4.68451640E+02
  4.60515820E+02
  4.52613917E+02
  4.44758924E+02
  4.36957445E+02
  4.29211651E+02
  4.21528275E+02
  4.13909910E+02
  4.06362507E+02
  3.98888744E+02
  3.91494028E+02
  3.84177508E+02
  3.76953703E+02
  3.69827226E+02
  3.62804925E+02
  3.55892683E+02
  3.49095740E+02
  3.42419620E+02
  3.35869826E+02
  3.29449014E+02
  3.23162933E+02
  3.17016890E+02
  3.11014428E+02
  3.05158778E+02
  2.99454977E+02
  2.93906912E+02
  2.88520530E+02
  2.83302163E+02
  2.78260382E+02
  2.73403957E+02
  2.68737885E+02
  2.64268430E+02
  2.60001116E+02
  2.55939959E+02
  2.52087735E+02
  2.48449143E+02
  2.45024322E+02
  2.41816773E+02
  2.38823395E+02
  2.36034090E+02
  2.33442441E+02
  2.31033551E+02
  2.28760537E+02
  2.26547314E+02
  2.24282445E+02
  2.21711651E+02
  2.18470717E+02
  2.13918638E+02
  2.07096425E+02
  1.96696886E+02
  1.81257136E+02
  1.60024036E+02
  1.33760734E+02
  1.05162982E+02
  7.81723271E+01
  5.64380944E+01
  4.08529903E+01
  3.04380000E+01
  4.45182000E+19
  4.44608948E+19
  4.44056328E+19
  4.43498810E+19
  4.42952801E+19
  4.42417976E+19
  4.41892835E+19
  4.41374590E+19
  4.40864571E+19
  4.40367527E+19
  4.39881499E+19
  4.39406213E+19
  4.38939649E+19
  4.38483178E+19
  4.38034675E+19
  4.37597147E+19
  4.37169757E+19
  4.36754984E+19
  4.36351081E+19
  4.35958934E+19
  4.35578146E+19
  4.35208119E+19
  4.34848158E+19
  4.34498543E+19
  4.34160471E+19
  4.33832517E+19
  4.33515388E+19
  4.33209078E+19
  4.32913318E+19
  4.32629778E+19
  4.32357377E+19
  4.32096677E+19
  4.31848004E+19
  4.31611516E+19
  4.31387205E+19
  4.31173818E+19
  4.30973447E+19
  4.30785392E+19
  4.30609548E+19
  4.30445843E+19
  4.30294264E+19
  4.30155263E+19
  4.30029305E+19
  4.29915915E+19
  4.29815120E+19
  4.29727079E+19
  4.29652233E+19
  4.29590786E+19
  4.29542824E+19
  4.29508323E+19
  4.29487273E+19
  4.29479668E+19
  4.29485500E+19
  4.29504755E+19
  4.29537405E+19
  4.29583531E+19
  4.29643216E+19
  4.29716506E+19
  4.29803174E+19
  4.29902564E+19
  4.30014225E+19
  4.30138967E+19
  4.30277059E+19
  4.30427340E+19
  4.30589930E+19
  4.30765381E+19
  4.30952904E+19
  4.31152790E+19
  4.31365188E+19
  4.31590524E+19
  4.31829383E+19
  4.32083296E+19
  4.32352437E+19
  4.32637475E+19
  4.32938348E+19
  4.33257460E+19
  4.33594400E+19
  4.33950086E+19
  4.34325513E+19
  4.34720567E+19
  4.35136579E+19
  4.35575223E+19
  4.36036169E+19
  4.36519671E+19
  4.37027962E+19
  4.37556637E+19
  4.38105011E+19
  4.38670331E+19
  4.39249587E+19
  4.39840096E+19
  4.40440430E+19
  4.41048554E+19
  4.41659889E+19
  4.42273956E+19
  4.42888199E+19
  4.43499785E+19
  4.44106067E+19
  4.44706317E+19
  4.45295051E+19
  4.45872290E+19
  4.46437810E+19
  4.47003771E+19
  4.47584074E+19
  4.48189609E+19
  4.48834148E+19
  4.49531712E+19
  4.50293856E+19
  4.51134836E+19
  4.52066002E+19
  4.53101174E+19
  4.54256957E+19
  4.55544352E+19
  4.56969653E+19
  4.58437223E+19
  4.59785525E+19
  4.60851236E+19
  4.61474042E+19
  4.61496651E+19
  4.60761416E+19
  4.59103311E+19
  4.55513964E+19
  4.47311293E+19
  4.30777878E+19
  4.00714957E+19
  3.52405450E+19
  2.87469896E+19
  2.19546288E+19
  1.63454464E+19
  1.24416000E+19
  1.32295780E+00
  1.34008826E+00
  1.35520380E+00
  1.36900158E+00
  1.38114054E+00
  1.39167451E+00
  1.40071549E+00
  1.40839507E+00
  1.41471219E+00
  1.41972212E+00
  1.42348543E+00
  1.42612115E+00
  1.42767613E+00
  1.42823731E+00
  1.42785836E+00
  1.42661896E+00
  1.42457440E+00
  1.42182510E+00
  1.41843506E+00
  1.41449403E+00
  1.41007554E+00
  1.40524848E+00
  1.40007780E+00
  1.39463780E+00
  1.38901217E+00
  1.38325708E+00
  1.37746087E+00
  1.37171063E+00
  1.36606621E+00
  1.36061727E+00
  1.35546820E+00
  1.35072136E+00
  1.34642711E+00
  1.34262704E+00
  1.33936074E+00
  1.33665305E+00
  1.33456575E+00
  1.33312896E+00
  1.33234675E+00
  1.33219099E+00
  1.33263953E+00
  1.33370714E+00
  1.33540162E+00
  1.33771906E+00
  1.34066160E+00
  1.34423184E+00
  1.34842482E+00
  1.35326030E+00
  1.35871237E+00
  1.36481212E+00
  1.37153565E+00
  1.37889141E+00
  1.38681901E+00
  1.39529508E+00
  1.40426149E+00
  1.41368717E+00
  1.42351134E+00
  1.43370803E+00
  1.44421085E+00
  1.45498413E+00
  1.46597027E+00
  1.47712976E+00
  1.48842627E+00
  1.49980868E+00
  1.51120960E+00
  1.52261391E+00
  1.53394932E+00
  1.54520413E+00
  1.55633774E+00
  1.56736842E+00
  1.57830466E+00
  1.58918090E+00
  1.59999670E+00
  1.61079913E+00
  1.62155632E+00
  1.63232151E+00
  1.64310283E+00
  1.65390051E+00
  1.66474316E+00
  1.67563773E+00
  1.68661750E+00
  1.69767753E+00
  1.70885584E+00
  1.72014851E+00
  1.73157057E+00
  1.74315431E+00
  1.75493340E+00
  1.76695507E+00
  1.77924313E+00
  1.79184083E+00
  1.80478830E+00
  1.81813901E+00
  1.83190714E+00
  1.84615116E+00
  1.86091130E+00
  1.87622883E+00
  1.89212894E+00
  1.90868638E+00
  1.92591564E+00
  1.94385438E+00
  1.96243283E+00
  1.98137224E+00
  2.00039327E+00
  2.01914256E+00
  2.03734892E+00
  2.05470480E+00
  2.07092046E+00
  2.08570476E+00
  2.09876995E+00
  2.10981153E+00
  2.11858863E+00
  2.12477096E+00
  2.12810684E+00
  2.12847699E+00
  2.12590314E+00
  2.12039330E+00
  2.11195403E+00
  2.10056994E+00
  2.08603259E+00
  2.06852105E+00
  2.04841073E+00
  2.02585587E+00
  2.00148623E+00
  1.97548147E+00
  1.94788128E+00
  1.91875894E+00
  1.88903297E+00
  1.85942265E+00
  1.83052019E+00
  9.88884000E+02
  9.87186942E+02
  9.85489789E+02
  9.83687518E+02
  9.81793492E+02
  9.79777306E+02
  9.77602508E+02
  9.75221358E+02
  9.72606001E+02
  9.69744062E+02
  9.66603682E+02
  9.63143352E+02
  9.59323049E+02
  9.55105063E+02
  9.50454098E+02
  9.45340664E+02
  9.39742346E+02
  9.33641610E+02
  9.27006330E+02
  9.19803777E+02
  9.11996140E+02
  9.03544270E+02
  8.94413481E+02
  8.84568807E+02
  8.73973497E+02
  8.62577809E+02
  8.50359640E+02
  8.37371385E+02
  8.23729379E+02
  8.09604273E+02
  7.95152708E+02
  7.80532285E+02
  7.65907568E+02
  7.51429358E+02
  7.37255155E+02
  7.23529456E+02
  7.10390177E+02
  6.97998060E+02
  6.86476344E+02
  6.75969011E+02
  6.66721950E+02
  6.58909573E+02
  6.52616311E+02
  6.47896905E+02
  6.44819611E+02
  6.43456891E+02
  6.43888645E+02
  6.46154935E+02
  6.50055657E+02
  6.55211815E+02
  6.61213317E+02
  6.67775168E+02
  6.74703162E+02
  6.81733302E+02
  6.88472152E+02
  6.94522215E+02
  6.99614968E+02
  7.03663109E+02
  7.06591102E+02
  7.08317428E+02
  7.08758348E+02
  7.07834116E+02
  7.05496508E+02
  7.01765940E+02
  6.96786281E+02
  6.90721885E+02
  6.83657431E+02
  6.75610530E+02
  6.66635471E+02
  6.56807166E+02
  6.46192585E+02
  6.34849511E+02
  6.22841606E+02
  6.10214681E+02
  5.97045633E+02
  5.83394542E+02
  5.69323576E+02
  5.54891690E+02
  5.40159909E+02
  5.25187680E+02
  5.10035231E+02
  4.94761076E+02
  4.79417227E+02
  4.64081763E+02
  4.48818718E+02
  4.33691860E+02
  4.18764216E+02
  4.04098699E+02
  3.89757398E+02
  3.75800465E+02
  3.62288735E+02
  3.49250258E+02
  3.36674887E+02
  3.24551035E+02
  3.12868499E+02
  3.01615086E+02
  2.90779536E+02
  2.80351971E+02
  2.70328914E+02
  2.60706372E+02
  2.51479140E+02
  2.42640827E+02
  2.34181613E+02
  2.26092652E+02
  2.18363745E+02
  2.10984021E+02
  2.03941844E+02
  1.97225377E+02
  1.90823345E+02
  1.84723457E+02
  1.78902788E+02
  1.73356673E+02
  1.68077805E+02
  1.63057400E+02
  1.58291636E+02
  1.53777113E+02
  1.49507026E+02
  1.45471267E+02
  1.41658980E+02
  1.38057922E+02
  1.34659382E+02
  1.31448426E+02
  1.28428513E+02
  1.25581952E+02
  1.22873211E+02
  1.20285960E+02
  1.17867844E+02
  1.15632949E+02
  1.13587000E+02
  4.16427000E+19
  4.14367691E+19
  4.12510229E+19
  4.10768458E+19
  4.09187347E+19
  4.07761207E+19
  4.06478174E+19
  4.05323549E+19
  4.04298189E+19
  4.03401129E+19
  4.02624817E+19
  4.01958157E+19
  4.01394847E+19
  4.00928207E+19
  4.00551316E+19
  4.00259699E+19
  4.00047539E+19
  3.99908141E+19
  3.99834163E+19
  3.99818459E+19
  3.99854157E+19
  3.99934633E+19
  4.00053540E+19
  4.00204633E+19
  4.00381729E+19
  4.00578640E+19
  4.00788368E+19
  4.01003394E+19
  4.01218330E+19
  4.01427025E+19
  4.01619517E+19
  4.01787570E+19
  4.01927234E+19
  4.02035161E+19
  4.02108029E+19
  4.02142622E+19
  4.02135655E+19
  4.02083975E+19
  4.01987211E+19
  4.01847797E+19
  4.01667688E+19
  4.01446086E+19
  4.01182800E+19
  4.00877755E+19
  4.00530818E+19
  4.00141931E+19
  3.99711932E+19
  3.99239312E+19
  3.98726359E+19
  3.98170355E+19
  3.97573307E+19
  3.96934437E+19
  3.96258869E+19
  3.95548532E+19
  3.94808319E+19
  3.94040893E+19
  3.93251461E+19
  3.92442207E+19
  3.91618528E+19
  3.90782795E+19
  3.89939456E+19
  3.89092546E+19
  3.88245335E+19
  3.87401076E+19
  3.86565589E+19
  3.85740585E+19
  3.84931502E+19
  3.84139533E+19
  3.83368241E+19
  3.82616357E+19
  3.81883594E+19
  3.81168251E+19
  3.80470430E+19
  3.79786556E+19
  3.79119235E+19
  3.78465858E+19
  3.77825243E+19
  3.77198050E+19
  3.76582531E+19
  3.75977843E+19
  3.75382101E+19
  3.74797014E+19
  3.74218812E+19
  3.73647872E+19
  3.73084603E+19
  3.72522216E+19
  3.71956990E+19
  3.71382244E+19
  3.70793143E+19
  3.70183427E+19
  3.69548169E+19
  3.68880748E+19
  3.68175885E+19
  3.67427832E+19
  3.66630708E+19
  3.65778326E+19
  3.64866092E+19
  3.63886603E+19
  3.62833920E+19
  3.61704587E+19
  3.60504530E+19
  3.59268353E+19
  3.58032054E+19
  3.56835788E+19
  3.55714624E+19
  3.54707062E+19
  3.53848075E+19
  3.53174989E+19
  3.52722694E+19
  3.52529793E+19
  3.52631623E+19
  3.53067740E+19
  3.53867535E+19
  3.54970051E+19
  3.56250732E+19
  3.57584308E+19
  3.58846458E+19
  3.59914782E+19
  3.60681033E+19
  3.60991001E+19
  3.60000819E+19
  3.55535910E+19
  3.44494255E+19
  3.22536954E+19
  2.85597744E+19
  2.34646789E+19
  1.80509510E+19
  1.35359170E+19
  1.03750000E+19
