# rhop j_driven_a_per_m2 j_bootstrap_lagged_a_per_m2 j_total_target_a_per_m2
0.0000000000 7.1599185542e+05 1.9567731492e+02 7.1618753273e+05
0.0883883476 7.1046053447e+05 1.1076524772e+02 7.1057129972e+05
0.1250000000 7.0371649012e+05 1.8442681306e+03 7.0556075825e+05
0.1530931089 6.9732989422e+05 3.7206951152e+03 7.0105058934e+05
0.1767766953 6.9122503163e+05 5.7304784277e+03 6.9695551006e+05
0.1976423538 6.8534388431e+05 7.8591481852e+03 6.9320303249e+05
0.2165063509 6.7959371014e+05 1.0140627907e+04 6.8973433805e+05
0.2338535867 6.7390266219e+05 1.2595717253e+04 6.8649837944e+05
0.2500000000 6.6838505383e+05 1.5068220693e+04 6.8345327452e+05
0.2651650429 6.6297064900e+05 1.7591663874e+04 6.8056231287e+05
0.2795084972 6.5754054630e+05 2.0255750392e+04 6.7779629669e+05
0.2931509850 6.5203291631e+05 2.3096982528e+04 6.7512989884e+05
0.3061862178 6.4645986014e+05 2.6081809970e+04 6.7254167011e+05
0.3186887196 6.4077679678e+05 2.9237471963e+04 6.7001426874e+05
0.3307189139 6.3500443983e+05 3.2526870082e+04 6.6753130991e+05
0.3423265984 6.2918528466e+05 3.5895664760e+04 6.6508094942e+05
0.3535533906 6.2334134354e+05 3.9311474125e+04 6.6265281766e+05
0.3644344934 6.1741923344e+05 4.2817973435e+04 6.6023720687e+05
0.3750000000 6.1132487975e+05 4.6501057793e+04 6.5782593754e+05
0.3852758752 6.0507864219e+05 5.0335736254e+04 6.5541437844e+05
0.3952847075 5.9860990418e+05 5.4386695893e+04 6.5299660007e+05
0.4050462937 5.9189723741e+05 5.8668580860e+04 6.5056581827e+05
0.4145780988 5.8493930698e+05 6.3180312184e+04 6.4811961917e+05
0.4238956239 5.7776804381e+05 6.7886837721e+04 6.4565488153e+05
0.4330127019 5.7029751119e+05 7.2871318614e+04 6.4316882980e+05
0.4419417382 5.6248797128e+05 7.8171080121e+04 6.4065905140e+05
0.4506939094 5.5456610218e+05 8.3557245881e+04 6.3812334806e+05
0.4592793268 5.4676031859e+05 8.8799959322e+04 6.3556027791e+05
0.4677071733 5.3940530697e+05 9.3560870647e+04 6.3296617762e+05
0.4759858191 5.3260613257e+05 9.7734222895e+04 6.3034035547e+05
0.4841229183 5.2632430176e+05 1.0135869976e+05 6.2768300152e+05
0.4921254921 5.2068974886e+05 1.0430384717e+05 6.2499359603e+05
0.5000000000 5.1571062059e+05 1.0656114992e+05 6.2227177051e+05
0.5077524003 5.1148682180e+05 1.0802240615e+05 6.1950922795e+05
0.5153882032 5.0798356944e+05 1.0872916324e+05 6.1671273268e+05
0.5229125166 5.0517636629e+05 1.0870606001e+05 6.1388242630e+05
0.5303300859 5.0332065863e+05 1.0768797701e+05 6.1100863564e+05
0.5376453292 5.0229521647e+05 1.0580363177e+05 6.0809884824e+05
0.5448623679 5.0200012422e+05 1.0315047175e+05 6.0515059596e+05
0.5519850541 5.0304992558e+05 9.9108331335e+04 6.0215825691e+05
0.5590169944 5.0537704001e+05 9.3753509362e+04 5.9913054938e+05
0.5659615711 5.0869469189e+05 8.7357952469e+04 5.9605264436e+05
0.5728219619 5.1247839862e+05 8.0461318543e+04 5.9293971716e+05
0.5796011560 5.1676266997e+05 7.3011679975e+04 5.8977434994e+05
0.5863019700 5.2143541312e+05 6.5137124577e+04 5.8657253770e+05
0.5929270613 5.2654915555e+05 5.6766352236e+04 5.8331550779e+05
0.5994789404 5.3198325613e+05 4.8035510271e+04 5.8001876640e+05
0.6059599822 5.3677824012e+05 3.9890076841e+04 5.7666831696e+05
0.6123724357 5.3988152271e+05 3.3389440258e+04 5.7327096296e+05
0.6187184335 5.4067128788e+05 2.9153357542e+04 5.6982464542e+05
0.6250000000 5.3941162315e+05 2.6909083313e+04 5.6632070646e+05
0.6312190586 5.3704415049e+05 2.5725705941e+04 5.6276985643e+05
0.6373774392 5.3346598326e+05 2.5693326871e+04 5.5915931013e+05
0.6434768838 5.2836051285e+05 2.7131355899e+04 5.5549186875e+05
0.6495190528 5.2150885265e+05 3.0263350602e+04 5.5177220325e+05
0.6555055301 5.1315033102e+05 3.4836389018e+04 5.4798672004e+05
0.6614378278 5.0425969399e+05 3.9879546865e+04 5.4413924086e+05
0.6673173908 4.9527841205e+05 4.4955108550e+04 5.4023352060e+05
0.6731456009 4.8606101361e+05 5.0200727659e+04 5.3626174127e+05
0.6789237807 4.7661652698e+05 5.5599095952e+04 5.3221562293e+05
0.6846531969 4.6701515387e+05 6.1089307189e+04 5.2810446106e+05
0.6903350636 4.5724152365e+05 6.6684410489e+04 5.2392593414e+05
0.6959705454 4.4740271170e+05 7.2266631513e+04 5.1966934321e+05
0.7015607600 4.3795706361e+05 7.7374131312e+04 5.1533119492e+05
0.7071067812 4.2919332315e+05 8.1724542901e+04 5.1091786605e+05
0.7126096407 4.2089762482e+05 8.5529066920e+04 5.0642669174e+05
0.7180703308 4.1265324150e+05 8.9201655861e+04 5.0185489736e+05
0.7234898064 4.0446514626e+05 9.2719909455e+04 4.9718505572e+05
0.7288689869 3.9652680998e+05 9.5900064779e+04 4.9242687476e+05
0.7342087578 3.8876633926e+05 9.8813273209e+04 4.8757961247e+05
0.7395099729 3.8113648015e+05 1.0150397118e+05 4.8264045133e+05
0.7447734555 3.7365339163e+05 1.0395384314e+05 4.7760723477e+05
0.7500000000 3.6618759617e+05 1.0629220214e+05 4.7247979831e+05
0.7551903733 3.5881675166e+05 1.0842819801e+05 4.6724494967e+05
0.7603453163 3.5166807866e+05 1.1025022714e+05 4.6191830580e+05
0.7654655446 3.4461132868e+05 1.1188900705e+05 4.5650033574e+05
0.7705517504 3.3763980536e+05 1.1335121266e+05 4.5099101802e+05
0.7756046029 3.3077059919e+05 1.1461925878e+05 4.4538985797e+05
0.7806247498 3.2400153628e+05 1.1569470202e+05 4.3969623830e+05
0.7856128181 3.1731861995e+05 1.1659080559e+05 4.3390942554e+05
0.7905694150 3.1076921240e+05 1.1725913143e+05 4.2802834383e+05
0.7954951288 3.0425642659e+05 1.1779432306e+05 4.2205074965e+05
0.8003905297 2.9789565152e+05 1.1807295608e+05 4.1596860761e+05
0.8052561704 2.9179892788e+05 1.1799046946e+05 4.0978939734e+05
0.8100925873 2.8582330633e+05 1.1768879704e+05 4.0351210337e+05
0.8149003007 2.7999892583e+05 1.1713719914e+05 3.9713612497e+05
0.8196798155 2.7435489421e+05 1.1630651773e+05 3.9066141195e+05
0.8244316224 2.6888978926e+05 1.1519854216e+05 3.8408833142e+05
0.8291561976 2.6363148160e+05 1.1378645542e+05 3.7741793702e+05
0.8338540040 2.5860240568e+05 1.1205009757e+05 3.7065250326e+05
0.8385254916 2.5377405044e+05 1.1002147434e+05 3.6379552478e+05
0.8431710977 2.4898012969e+05 1.0787179931e+05 3.5685192900e+05
0.8477912479 2.4413849031e+05 1.0569036210e+05 3.4982885241e+05
0.8523863561 2.3926653427e+05 1.0346948873e+05 3.4273602299e+05
0.8569568251 2.3436819886e+05 1.0121782592e+05 3.3558602478e+05
0.8615030470 2.2946113715e+05 9.8934261394e+04 3.2839539854e+05
0.8660254038 2.2458463728e+05 9.6600914088e+04 3.2118555137e+05
0.8705242673 2.1978072250e+05 9.4202582764e+04 3.1398330526e+05
0.8750000000 2.1511642202e+05 9.1706124141e+04 3.0682254617e+05
0.8794529550 2.1065871703e+05 8.9087077702e+04 2.9974579473e+05
0.8838834765 2.0647619710e+05 8.6329219019e+04 2.9280541612e+05
0.8882919002 2.0265540968e+05 8.3410761771e+04 2.8606617145e+05
0.8926785536 1.9924463306e+05 8.0363045669e+04 2.7960767873e+05
0.8970437559 1.9630874677e+05 7.7217951994e+04 2.7352669877e+05
0.9013878189 1.9394637920e+05 7.3994668033e+04 2.6794104723e+05
0.9057110466 1.9227294418e+05 7.0720230513e+04 2.6299317469e+05
0.9100137362 1.9142684519e+05 6.7422060993e+04 2.5884890618e+05
0.9142961774 1.9155394085e+05 6.4127371509e+04 2.5568131236e+05
0.9185586535 1.9278514609e+05 6.0849595496e+04 2.5363474158e+05
0.9228014413 1.9511951445e+05 5.7695366097e+04 2.5281488054e+05
0.9270248109 1.9866039482e+05 5.4712521053e+04 2.5337291587e+05
0.9312290266 2.0350969699e+05 5.1765721206e+04 2.5527541820e+05
0.9354143467 2.0895946172e+05 4.9494206804e+04 2.5845366853e+05
0.9395810236 2.1421103545e+05 4.8586134178e+04 2.6279716963e+05
0.9437293044 2.1888430788e+05 4.9246686904e+04 2.6813099479e+05
0.9478594305 2.2187907989e+05 5.2260426691e+04 2.7413950658e+05
0.9519716382 2.2209227029e+05 5.8444085070e+04 2.8053635536e+05
0.9560661588 2.1760999710e+05 6.9064499884e+04 2.8667449699e+05
0.9601432185 2.1069662748e+05 8.6093095656e+04 2.9678972313e+05
0.9642030388 2.1725948739e+05 1.1225340297e+05 3.2951289036e+05
0.9682458366 2.6657048686e+05 1.5292892448e+05 4.1949941134e+05
0.9722718241 3.3746605890e+05 2.0702389656e+05 5.4448995546e+05
0.9762812095 3.8314506150e+05 2.5260795393e+05 6.3575301543e+05
0.9802741963 3.9686877242e+05 2.6421344559e+05 6.6108221801e+05
0.9842509843 3.6607171289e+05 2.2854840636e+05 5.9462011925e+05
0.9882117688 2.8843599831e+05 1.5862530715e+05 4.4706130546e+05
0.9921567416 1.9582943329e+05 8.5269731219e+04 2.8109916451e+05
0.9960860907 1.3334794942e+05 3.6801584929e+04 1.7014953435e+05
1.0000000000 8.0769987471e+04 1.3175400270e+04 9.3945387741e+04
