    0.74459865E+00
   -0.11695991E+00
    0.13104599E-02
  282
    0.16897487E+01   -0.11275737E+00
    0.16921911E+01   -0.96756477E-01
    0.16943020E+01   -0.80645558E-01
    0.16960396E+01   -0.64433405E-01
    0.16974146E+01   -0.48127649E-01
    0.16984502E+01   -0.31733384E-01
    0.16991695E+01   -0.15253448E-01
    0.16995953E+01    0.13115654E-02
    0.16997399E+01    0.17961473E-01
    0.16995839E+01    0.34690963E-01
    0.16991015E+01    0.51491777E-01
    0.16982677E+01    0.68353583E-01
    0.16970577E+01    0.85264018E-01
    0.16954559E+01    0.10221111E+00
    0.16934620E+01    0.11918655E+00
    0.16910779E+01    0.13618269E+00
    0.16883053E+01    0.15319217E+00
    0.16851463E+01    0.17020793E+00
    0.16816067E+01    0.18722477E+00
    0.16776959E+01    0.20423979E+00
    0.16734217E+01    0.22125026E+00
    0.16687866E+01    0.23825190E+00
    0.16637925E+01    0.25524029E+00
    0.16584397E+01    0.27221050E+00
    0.16527235E+01    0.28915480E+00
    0.16466385E+01    0.30606446E+00
    0.16401805E+01    0.32293114E+00
    0.16333629E+01    0.33975789E+00
    0.16262103E+01    0.35655782E+00
    0.16187453E+01    0.37334579E+00
    0.16109813E+01    0.39013319E+00
    0.16029273E+01    0.40693010E+00
    0.15945863E+01    0.42374354E+00
    0.15859517E+01    0.44057302E+00
    0.15770138E+01    0.45741537E+00
    0.15677558E+01    0.47425935E+00
    0.15581587E+01    0.49109003E+00
    0.15482039E+01    0.50788998E+00
    0.15378742E+01    0.52464096E+00
    0.15271612E+01    0.54133226E+00
    0.15160630E+01    0.55796016E+00
    0.15045909E+01    0.57453808E+00
    0.14927537E+01    0.59107992E+00
    0.14805480E+01    0.60758541E+00
    0.14679680E+01    0.62405123E+00
    0.14550059E+01    0.64047107E+00
    0.14416539E+01    0.65683850E+00
    0.14279126E+01    0.67316043E+00
    0.14137853E+01    0.68945147E+00
    0.13992672E+01    0.70571487E+00
    0.13843561E+01    0.72196078E+00
    0.13690519E+01    0.73820675E+00
    0.13533506E+01    0.75446698E+00
    0.13372441E+01    0.77075044E+00
    0.13207151E+01    0.78704483E+00
    0.13037500E+01    0.80334677E+00
    0.12863414E+01    0.81967073E+00
    0.12684749E+01    0.83601546E+00
    0.12501333E+01    0.85237105E+00
    0.12313048E+01    0.86874605E+00
    0.12119861E+01    0.88519181E+00
    0.11921677E+01    0.90175524E+00
    0.11718251E+01    0.91843116E+00
    0.11509361E+01    0.93522904E+00
    0.11294774E+01    0.95216252E+00
    0.11074263E+01    0.96926532E+00
    0.10847619E+01    0.98662730E+00
    0.10614511E+01    0.10043010E+01
    0.10374560E+01    0.10223511E+01
    0.10127306E+01    0.10408058E+01
    0.98722437E+00    0.10596488E+01
    0.96088694E+00    0.10788749E+01
    0.93366706E+00    0.10984685E+01
    0.90551619E+00    0.11183574E+01
    0.87639589E+00    0.11383980E+01
    0.84629201E+00    0.11583119E+01
    0.81523420E+00    0.11776501E+01
    0.78331916E+00    0.11957681E+01
    0.75073925E+00    0.12117910E+01
    0.71778689E+00    0.12247347E+01
    0.68488278E+00    0.12334421E+01
    0.65252065E+00    0.12369102E+01
    0.62119192E+00    0.12345217E+01
    0.59132216E+00    0.12261186E+01
    0.56321172E+00    0.12120240E+01
    0.53701705E+00    0.11929277E+01
    0.51279495E+00    0.11696374E+01
    0.49049276E+00    0.11430626E+01
    0.47000930E+00    0.11140296E+01
    0.45121837E+00    0.10832464E+01
    0.43398752E+00    0.10512901E+01
    0.41818478E+00    0.10186235E+01
    0.40368770E+00    0.98560342E+00
    0.39038539E+00    0.95250055E+00
    0.37817829E+00    0.91951801E+00
    0.36697560E+00    0.88680963E+00
    0.35669619E+00    0.85448824E+00
    0.34727131E+00    0.82262957E+00
    0.33863188E+00    0.79129749E+00
    0.33071126E+00    0.76054205E+00
    0.32344552E+00    0.73040118E+00
    0.31677914E+00    0.70089550E+00
    0.31066878E+00    0.67202698E+00
    0.30506439E+00    0.64380377E+00
    0.29991430E+00    0.61623308E+00
    0.29518366E+00    0.58930185E+00
    0.29084213E+00    0.56299288E+00
    0.28685977E+00    0.53728946E+00
    0.28320476E+00    0.51217724E+00
    0.27985034E+00    0.48763770E+00
    0.27677533E+00    0.46364842E+00
    0.27396062E+00    0.44018674E+00
    0.27138404E+00    0.41723366E+00
    0.26901373E+00    0.39477790E+00
    0.26681720E+00    0.37280786E+00
    0.26477449E+00    0.35130282E+00
    0.26288946E+00    0.33022783E+00
    0.26116976E+00    0.30954903E+00
    0.25960938E+00    0.28924373E+00
    0.25819364E+00    0.26929539E+00
    0.25690891E+00    0.24968735E+00
    0.25574283E+00    0.23040270E+00
    0.25468563E+00    0.21142379E+00
    0.25372975E+00    0.19273261E+00
    0.25286890E+00    0.17431134E+00
    0.25209799E+00    0.15614243E+00
    0.25141350E+00    0.13820852E+00
    0.25081367E+00    0.12049245E+00
    0.25029794E+00    0.10297756E+00
    0.24986688E+00    0.85647767E-01
    0.24952134E+00    0.68487773E-01
    0.24925592E+00    0.51484543E-01
    0.24906197E+00    0.34625851E-01
    0.24893156E+00    0.17899142E-01
    0.24885751E+00    0.12915519E-02
    0.24883424E+00   -0.15210175E-01
    0.24886121E+00   -0.31619942E-01
    0.24894007E+00   -0.47951533E-01
    0.24907275E+00   -0.64218306E-01
    0.24926146E+00   -0.80433212E-01
    0.24950914E+00   -0.96608837E-01
    0.24981947E+00   -0.11275737E+00
    0.25019668E+00   -0.12889058E+00
    0.25064114E+00   -0.14502001E+00
    0.25114902E+00   -0.16115745E+00
    0.25171694E+00   -0.17731507E+00
    0.25234226E+00   -0.19350538E+00
    0.25302323E+00   -0.20974120E+00
    0.25376150E+00   -0.22603518E+00
    0.25456240E+00   -0.24239944E+00
    0.25543210E+00   -0.25884581E+00
    0.25637748E+00   -0.27538575E+00
    0.25740590E+00   -0.29203045E+00
    0.25852136E+00   -0.30879180E+00
    0.25972504E+00   -0.32568273E+00
    0.26101882E+00   -0.34271646E+00
    0.26240547E+00   -0.35990643E+00
    0.26388764E+00   -0.37726666E+00
    0.26546044E+00   -0.39481476E+00
    0.26711610E+00   -0.41257105E+00
    0.26885085E+00   -0.43055598E+00
    0.27067874E+00   -0.44878316E+00
    0.27262130E+00   -0.46726226E+00
    0.27470058E+00   -0.48600176E+00
    0.27693472E+00   -0.50501139E+00
    0.27932712E+00   -0.52430915E+00
    0.28187925E+00   -0.54391561E+00
    0.28459422E+00   -0.56385210E+00
    0.28747790E+00   -0.58413984E+00
    0.29054363E+00   -0.60479637E+00
    0.29380783E+00   -0.62583780E+00
    0.29728637E+00   -0.64728132E+00
    0.30099596E+00   -0.66914429E+00
    0.30495476E+00   -0.69144381E+00
    0.30918363E+00   -0.71419548E+00
    0.31370763E+00   -0.73741166E+00
    0.31854694E+00   -0.76110975E+00
    0.32371541E+00   -0.78531498E+00
    0.32922905E+00   -0.81005301E+00
    0.33511415E+00   -0.83534072E+00
    0.34140600E+00   -0.86118556E+00
    0.34813422E+00   -0.88760163E+00
    0.35532320E+00   -0.91461082E+00
    0.36300288E+00   -0.94223025E+00
    0.37120619E+00   -0.97047465E+00
    0.37996813E+00   -0.99935727E+00
    0.38932581E+00   -0.10288895E+01
    0.39932153E+00   -0.10590757E+01
    0.40999942E+00   -0.10899169E+01
    0.42140098E+00   -0.11214190E+01
    0.43356843E+00   -0.11535875E+01
    0.44654989E+00   -0.11864170E+01
    0.46038861E+00   -0.12199120E+01
    0.47510932E+00   -0.12541212E+01
    0.49074640E+00   -0.12890835E+01
    0.50741274E+00   -0.13246456E+01
    0.52541737E+00   -0.13600675E+01
    0.54541223E+00   -0.13933674E+01
    0.56847307E+00   -0.14205777E+01
    0.59586613E+00   -0.14357421E+01
    0.62849444E+00   -0.14321630E+01
    0.66492096E+00   -0.14103911E+01
    0.70211455E+00   -0.13787667E+01
    0.73814680E+00   -0.13440334E+01
    0.77223472E+00   -0.13098716E+01
    0.80422694E+00   -0.12779279E+01
    0.83428579E+00   -0.12484770E+01
    0.86263832E+00   -0.12213399E+01
    0.88949355E+00   -0.11962976E+01
    0.91504146E+00   -0.11730449E+01
    0.93943998E+00   -0.11513151E+01
    0.96282037E+00   -0.11308460E+01
    0.98528847E+00   -0.11113984E+01
    0.10069306E+01   -0.10928433E+01
    0.10278223E+01   -0.10750932E+01
    0.10480252E+01   -0.10580000E+01
    0.10675907E+01   -0.10414563E+01
    0.10865639E+01   -0.10253891E+01
    0.11049822E+01   -0.10097252E+01
    0.11228824E+01   -0.99442994E+00
    0.11403011E+01   -0.97948785E+00
    0.11572710E+01   -0.96487381E+00
    0.11738142E+01   -0.95053057E+00
    0.11899413E+01   -0.93637752E+00
    0.12056676E+01   -0.92237977E+00
    0.12210086E+01   -0.90851347E+00
    0.12359776E+01   -0.89475677E+00
    0.12505908E+01   -0.88110280E+00
    0.12648707E+01   -0.86756298E+00
    0.12788320E+01   -0.85412731E+00
    0.12924848E+01   -0.84077820E+00
    0.13058311E+01   -0.82748408E+00
    0.13188664E+01   -0.81420803E+00
    0.13316023E+01   -0.80095148E+00
    0.13440576E+01   -0.78772937E+00
    0.13562405E+01   -0.77453544E+00
    0.13681565E+01   -0.76136000E+00
    0.13798092E+01   -0.74819220E+00
    0.13912001E+01   -0.73502028E+00
    0.14023330E+01   -0.72183769E+00
    0.14132177E+01   -0.70864762E+00
    0.14238590E+01   -0.69544548E+00
    0.14342529E+01   -0.68221743E+00
    0.14443995E+01   -0.66895594E+00
    0.14543043E+01   -0.65566171E+00
    0.14639735E+01   -0.64233567E+00
    0.14734145E+01   -0.62897986E+00
    0.14826366E+01   -0.61559793E+00
    0.14916493E+01   -0.60219288E+00
    0.15004589E+01   -0.58876416E+00
    0.15090684E+01   -0.57530809E+00
    0.15174780E+01   -0.56181915E+00
    0.15256836E+01   -0.54828901E+00
    0.15336816E+01   -0.53471089E+00
    0.15414763E+01   -0.52108473E+00
    0.15490747E+01   -0.50741207E+00
    0.15564859E+01   -0.49369546E+00
    0.15637222E+01   -0.47993849E+00
    0.15707958E+01   -0.46614365E+00
    0.15777152E+01   -0.45231037E+00
    0.15844871E+01   -0.43843636E+00
    0.15911166E+01   -0.42451820E+00
    0.15976014E+01   -0.41054873E+00
    0.16039360E+01   -0.39651988E+00
    0.16101139E+01   -0.38242393E+00
    0.16161237E+01   -0.36825227E+00
    0.16219521E+01   -0.35399673E+00
    0.16275857E+01   -0.33965054E+00
    0.16330232E+01   -0.32521230E+00
    0.16382751E+01   -0.31068416E+00
    0.16433524E+01   -0.29606735E+00
    0.16482652E+01   -0.28136186E+00
    0.16530180E+01   -0.26656539E+00
    0.16576125E+01   -0.25167466E+00
    0.16620498E+01   -0.23668602E+00
    0.16663115E+01   -0.22159268E+00
    0.16703545E+01   -0.20638605E+00
    0.16741379E+01   -0.19106161E+00
    0.16776673E+01   -0.17562248E+00
    0.16809743E+01   -0.16007283E+00
    0.16840906E+01   -0.14441385E+00
    0.16870301E+01   -0.12864325E+00
  129    4
    1    0
    0.00000000E+00
    0.88388348E-01
    0.12500000E+00
    0.15309311E+00
    0.17677670E+00
    0.19764235E+00
    0.21650635E+00
    0.23385359E+00
    0.25000000E+00
    0.26516504E+00
    0.27950850E+00
    0.29315098E+00
    0.30618622E+00
    0.31868872E+00
    0.33071891E+00
    0.34232660E+00
    0.35355339E+00
    0.36443449E+00
    0.37500000E+00
    0.38527588E+00
    0.39528471E+00
    0.40504629E+00
    0.41457810E+00
    0.42389562E+00
    0.43301270E+00
    0.44194174E+00
    0.45069391E+00
    0.45927933E+00
    0.46770717E+00
    0.47598582E+00
    0.48412292E+00
    0.49212549E+00
    0.50000000E+00
    0.50775240E+00
    0.51538820E+00
    0.52291252E+00
    0.53033009E+00
    0.53764533E+00
    0.54486237E+00
    0.55198505E+00
    0.55901699E+00
    0.56596157E+00
    0.57282196E+00
    0.57960116E+00
    0.58630197E+00
    0.59292706E+00
    0.59947894E+00
    0.60595998E+00
    0.61237244E+00
    0.61871843E+00
    0.62500000E+00
    0.63121906E+00
    0.63737744E+00
    0.64347688E+00
    0.64951905E+00
    0.65550553E+00
    0.66143783E+00
    0.66731739E+00
    0.67314560E+00
    0.67892378E+00
    0.68465320E+00
    0.69033506E+00
    0.69597055E+00
    0.70156076E+00
    0.70710678E+00
    0.71260964E+00
    0.71807033E+00
    0.72348981E+00
    0.72886899E+00
    0.73420876E+00
    0.73950997E+00
    0.74477346E+00
    0.75000000E+00
    0.75519037E+00
    0.76034532E+00
    0.76546554E+00
    0.77055175E+00
    0.77560460E+00
    0.78062475E+00
    0.78561282E+00
    0.79056942E+00
    0.79549513E+00
    0.80039053E+00
    0.80525617E+00
    0.81009259E+00
    0.81490030E+00
    0.81967982E+00
    0.82443162E+00
    0.82915620E+00
    0.83385400E+00
    0.83852549E+00
    0.84317110E+00
    0.84779125E+00
    0.85238636E+00
    0.85695683E+00
    0.86150305E+00
    0.86602540E+00
    0.87052427E+00
    0.87500000E+00
    0.87945295E+00
    0.88388348E+00
    0.88829190E+00
    0.89267855E+00
    0.89704376E+00
    0.90138782E+00
    0.90571105E+00
    0.91001374E+00
    0.91429618E+00
    0.91855865E+00
    0.92280144E+00
    0.92702481E+00
    0.93122903E+00
    0.93541435E+00
    0.93958102E+00
    0.94372930E+00
    0.94785943E+00
    0.95197164E+00
    0.95606616E+00
    0.96014322E+00
    0.96420304E+00
    0.96824584E+00
    0.97227182E+00
    0.97628121E+00
    0.98027420E+00
    0.98425098E+00
    0.98821177E+00
    0.99215674E+00
    0.99608609E+00
    0.10000000E+01
   -0.63049812E+00
   -0.56793583E+00
   -0.51340438E+00
   -0.46596010E+00
   -0.42477020E+00
   -0.38909977E+00
   -0.35830022E+00
   -0.33179918E+00
   -0.30909155E+00
   -0.28973155E+00
   -0.27332579E+00
   -0.25952709E+00
   -0.24802909E+00
   -0.23856137E+00
   -0.23088533E+00
   -0.22479036E+00
   -0.22009062E+00
   -0.21662207E+00
   -0.21423995E+00
   -0.21281649E+00
   -0.21223892E+00
   -0.21240771E+00
   -0.21323501E+00
   -0.21464324E+00
   -0.21656396E+00
   -0.21893670E+00
   -0.22170810E+00
   -0.22483102E+00
   -0.22826381E+00
   -0.23196969E+00
   -0.23591614E+00
   -0.24007440E+00
   -0.24441903E+00
   -0.24892750E+00
   -0.25357986E+00
   -0.25835839E+00
   -0.26324736E+00
   -0.26823276E+00
   -0.27330208E+00
   -0.27844415E+00
   -0.28364890E+00
   -0.28890729E+00
   -0.29421106E+00
   -0.29955271E+00
   -0.30492531E+00
   -0.31032242E+00
   -0.31573798E+00
   -0.32116622E+00
   -0.32660156E+00
   -0.33203854E+00
   -0.33747174E+00
   -0.34289566E+00
   -0.34830465E+00
   -0.35369285E+00
   -0.35905405E+00
   -0.36438164E+00
   -0.36966848E+00
   -0.37490676E+00
   -0.38008796E+00
   -0.38520264E+00
   -0.39024031E+00
   -0.39518929E+00
   -0.40003653E+00
   -0.40476735E+00
   -0.40936527E+00
   -0.41381173E+00
   -0.41808579E+00
   -0.42216383E+00
   -0.42601916E+00
   -0.42962158E+00
   -0.43293697E+00
   -0.43592934E+00
   -0.43859762E+00
   -0.44096644E+00
   -0.44305651E+00
   -0.44488417E+00
   -0.44646166E+00
   -0.44779732E+00
   -0.44889569E+00
   -0.44975759E+00
   -0.45038018E+00
   -0.45075682E+00
   -0.45087706E+00
   -0.45072644E+00
   -0.45028624E+00
   -0.44953323E+00
   -0.44843926E+00
   -0.44697088E+00
   -0.44508876E+00
   -0.44274709E+00
   -0.43989290E+00
   -0.43646517E+00
   -0.43239393E+00
   -0.42759913E+00
   -0.42198939E+00
   -0.41546060E+00
   -0.40789426E+00
   -0.39915564E+00
   -0.38909168E+00
   -0.37752856E+00
   -0.36426902E+00
   -0.34908927E+00
   -0.33173545E+00
   -0.31191971E+00
   -0.28931567E+00
   -0.26355334E+00
   -0.23431635E+00
   -0.20255827E+00
   -0.17011067E+00
   -0.13881272E+00
   -0.11052159E+00
   -0.87141460E-01
   -0.70653375E-01
   -0.63146196E-01
   -0.66849293E-01
   -0.84167430E-01
   -0.11771838E+00
   -0.17037388E+00
   -0.24545418E+00
   -0.34926284E+00
   -0.49589340E+00
   -0.73384972E+00
   -0.10723878E+01
   -0.13651087E+01
   -0.14366666E+01
   -0.11421449E+01
   -0.73775554E+00
   -0.59162784E+00
   -0.32137680E+00
   -0.10161727E+01
   -0.10749222E+01
   -0.11248048E+01
   -0.11668624E+01
   -0.12020146E+01
   -0.12310728E+01
   -0.12547530E+01
   -0.12736872E+01
   -0.12884331E+01
   -0.12994828E+01
   -0.13072706E+01
   -0.13121800E+01
   -0.13145490E+01
   -0.13146764E+01
   -0.13128254E+01
   -0.13092287E+01
   -0.13040913E+01
   -0.12975945E+01
   -0.12898979E+01
   -0.12811427E+01
   -0.12714532E+01
   -0.12609395E+01
   -0.12496984E+01
   -0.12378155E+01
   -0.12253664E+01
   -0.12124178E+01
   -0.11990285E+01
   -0.11852505E+01
   -0.11711298E+01
   -0.11567067E+01
   -0.11420173E+01
   -0.11270930E+01
   -0.11119618E+01
   -0.10966486E+01
   -0.10811751E+01
   -0.10655607E+01
   -0.10498225E+01
   -0.10339760E+01
   -0.10180344E+01
   -0.10020099E+01
   -0.98591334E+00
   -0.96975419E+00
   -0.95354115E+00
   -0.93728202E+00
   -0.92098387E+00
   -0.90465317E+00
   -0.88829589E+00
   -0.87191756E+00
   -0.85552339E+00
   -0.83911835E+00
   -0.82270725E+00
   -0.80629477E+00
   -0.78988560E+00
   -0.77348446E+00
   -0.75709622E+00
   -0.74072593E+00
   -0.72437893E+00
   -0.70806093E+00
   -0.69177808E+00
   -0.67553708E+00
   -0.65934531E+00
   -0.64321089E+00
   -0.62714285E+00
   -0.61115126E+00
   -0.59524739E+00
   -0.57944387E+00
   -0.56375490E+00
   -0.54819649E+00
   -0.53278667E+00
   -0.51754581E+00
   -0.50249693E+00
   -0.48766421E+00
   -0.47304848E+00
   -0.45863339E+00
   -0.44440515E+00
   -0.43035290E+00
   -0.41646854E+00
   -0.40274659E+00
   -0.38918412E+00
   -0.37578068E+00
   -0.36253832E+00
   -0.34946161E+00
   -0.33655770E+00
   -0.32383646E+00
   -0.31131061E+00
   -0.29899592E+00
   -0.28691147E+00
   -0.27507994E+00
   -0.26352799E+00
   -0.25228661E+00
   -0.24139168E+00
   -0.23088450E+00
   -0.22081242E+00
   -0.21122961E+00
   -0.20219789E+00
   -0.19378771E+00
   -0.18607923E+00
   -0.17916360E+00
   -0.17314438E+00
   -0.16813912E+00
   -0.16428129E+00
   -0.16172225E+00
   -0.16063373E+00
   -0.16121045E+00
   -0.16367317E+00
   -0.16827218E+00
   -0.17523827E+00
   -0.18415961E+00
   -0.19418406E+00
   -0.20446730E+00
   -0.21416907E+00
   -0.22244002E+00
   -0.22840838E+00
   -0.23116639E+00
   -0.22975605E+00
   -0.22315415E+00
   -0.21025624E+00
   -0.18985938E+00
   -0.16175986E+00
   -0.14527954E+00
   -0.16576363E+00
   -0.17734510E+00
   -0.13118854E+00
   -0.54237469E-01
    0.13266445E-01
    0.35869792E-01
    0.36675677E-01
    0.55918012E-01
    0.28732111E-01
