 129   rhopsi, Te, ne, Zeff, Ti, ni profiles
    0.000000E+00
    8.838835E-02
    1.250000E-01
    1.530931E-01
    1.767767E-01
    1.976424E-01
    2.165064E-01
    2.338536E-01
    2.500000E-01
    2.651650E-01
    2.795085E-01
    2.931510E-01
    3.061862E-01
    3.186887E-01
    3.307189E-01
    3.423266E-01
    3.535534E-01
    3.644345E-01
    3.750000E-01
    3.852759E-01
    3.952847E-01
    4.050463E-01
    4.145781E-01
    4.238956E-01
    4.330127E-01
    4.419417E-01
    4.506939E-01
    4.592793E-01
    4.677072E-01
    4.759858E-01
    4.841229E-01
    4.921255E-01
    5.000000E-01
    5.077524E-01
    5.153882E-01
    5.229125E-01
    5.303301E-01
    5.376453E-01
    5.448624E-01
    5.519851E-01
    5.590170E-01
    5.659616E-01
    5.728220E-01
    5.796012E-01
    5.863020E-01
    5.929271E-01
    5.994789E-01
    6.059600E-01
    6.123724E-01
    6.187184E-01
    6.250000E-01
    6.312191E-01
    6.373774E-01
    6.434769E-01
    6.495191E-01
    6.555055E-01
    6.614378E-01
    6.673174E-01
    6.731456E-01
    6.789238E-01
    6.846532E-01
    6.903351E-01
    6.959705E-01
    7.015608E-01
    7.071068E-01
    7.126096E-01
    7.180703E-01
    7.234898E-01
    7.288690E-01
    7.342088E-01
    7.395100E-01
    7.447735E-01
    7.500000E-01
    7.551904E-01
    7.603453E-01
    7.654655E-01
    7.705518E-01
    7.756046E-01
    7.806247E-01
    7.856128E-01
    7.905694E-01
    7.954951E-01
    8.003905E-01
    8.052562E-01
    8.100926E-01
    8.149003E-01
    8.196798E-01
    8.244316E-01
    8.291562E-01
    8.338540E-01
    8.385255E-01
    8.431711E-01
    8.477912E-01
    8.523864E-01
    8.569568E-01
    8.615030E-01
    8.660254E-01
    8.705243E-01
    8.750000E-01
    8.794530E-01
    8.838835E-01
    8.882919E-01
    8.926786E-01
    8.970438E-01
    9.013878E-01
    9.057110E-01
    9.100137E-01
    9.142962E-01
    9.185587E-01
    9.228014E-01
    9.270248E-01
    9.312290E-01
    9.354143E-01
    9.395810E-01
    9.437293E-01
    9.478594E-01
    9.519716E-01
    9.560662E-01
    9.601432E-01
    9.642030E-01
    9.682458E-01
    9.722718E-01
    9.762812E-01
    9.802742E-01
    9.842510E-01
    9.882118E-01
    9.921567E-01
    9.960861E-01
    1.000000E+00
    8.107050E+02
    8.132367E+02
    8.154042E+02
    8.173031E+02
    8.188780E+02
    8.201357E+02
    8.210862E+02
    8.217381E+02
    8.220905E+02
    8.221467E+02
    8.219154E+02
    8.214023E+02
    8.206111E+02
    8.195444E+02
    8.182055E+02
    8.165997E+02
    8.147353E+02
    8.126226E+02
    8.102684E+02
    8.076771E+02
    8.048526E+02
    8.017982E+02
    7.985173E+02
    7.950132E+02
    7.912890E+02
    7.873498E+02
    7.831989E+02
    7.788415E+02
    7.742829E+02
    7.695294E+02
    7.645895E+02
    7.594696E+02
    7.541797E+02
    7.487255E+02
    7.431147E+02
    7.373525E+02
    7.314405E+02
    7.253864E+02
    7.191923E+02
    7.128615E+02
    7.064033E+02
    6.998137E+02
    6.931068E+02
    6.862791E+02
    6.793424E+02
    6.722924E+02
    6.651445E+02
    6.578942E+02
    6.505526E+02
    6.431240E+02
    6.356088E+02
    6.280202E+02
    6.203561E+02
    6.126247E+02
    6.048361E+02
    5.969879E+02
    5.890887E+02
    5.811475E+02
    5.731681E+02
    5.651510E+02
    5.571091E+02
    5.490481E+02
    5.409691E+02
    5.328764E+02
    5.247826E+02
    5.166916E+02
    5.086094E+02
    5.005309E+02
    4.924702E+02
    4.844336E+02
    4.764261E+02
    4.684516E+02
    4.605158E+02
    4.526139E+02
    4.447589E+02
    4.369574E+02
    4.292117E+02
    4.215283E+02
    4.139099E+02
    4.063625E+02
    3.988887E+02
    3.914940E+02
    3.841775E+02
    3.769537E+02
    3.698272E+02
    3.628049E+02
    3.558927E+02
    3.490957E+02
    3.424196E+02
    3.358698E+02
    3.294490E+02
    3.231629E+02
    3.170169E+02
    3.110144E+02
    3.051588E+02
    2.994550E+02
    2.939069E+02
    2.885205E+02
    2.833022E+02
    2.782604E+02
    2.734040E+02
    2.687379E+02
    2.642684E+02
    2.600011E+02
    2.559400E+02
    2.520877E+02
    2.484491E+02
    2.450243E+02
    2.418168E+02
    2.388234E+02
    2.360341E+02
    2.334424E+02
    2.310336E+02
    2.287605E+02
    2.265473E+02
    2.242824E+02
    2.217117E+02
    2.184707E+02
    2.139186E+02
    2.070964E+02
    1.966969E+02
    1.812571E+02
    1.600240E+02
    1.337607E+02
    1.051630E+02
    7.817233E+01
    5.643809E+01
    4.085299E+01
    3.043800E+01
    4.451820E+19
    4.446089E+19
    4.440563E+19
    4.434988E+19
    4.429528E+19
    4.424180E+19
    4.418928E+19
    4.413746E+19
    4.408646E+19
    4.403675E+19
    4.398815E+19
    4.394062E+19
    4.389396E+19
    4.384832E+19
    4.380347E+19
    4.375971E+19
    4.371698E+19
    4.367550E+19
    4.363511E+19
    4.359589E+19
    4.355781E+19
    4.352081E+19
    4.348482E+19
    4.344985E+19
    4.341605E+19
    4.338325E+19
    4.335154E+19
    4.332091E+19
    4.329133E+19
    4.326298E+19
    4.323574E+19
    4.320967E+19
    4.318480E+19
    4.316115E+19
    4.313872E+19
    4.311738E+19
    4.309734E+19
    4.307854E+19
    4.306095E+19
    4.304458E+19
    4.302943E+19
    4.301553E+19
    4.300293E+19
    4.299159E+19
    4.298151E+19
    4.297271E+19
    4.296522E+19
    4.295908E+19
    4.295428E+19
    4.295083E+19
    4.294873E+19
    4.294797E+19
    4.294855E+19
    4.295048E+19
    4.295374E+19
    4.295835E+19
    4.296432E+19
    4.297165E+19
    4.298032E+19
    4.299026E+19
    4.300142E+19
    4.301390E+19
    4.302771E+19
    4.304273E+19
    4.305899E+19
    4.307654E+19
    4.309529E+19
    4.311528E+19
    4.313652E+19
    4.315905E+19
    4.318294E+19
    4.320833E+19
    4.323524E+19
    4.326375E+19
    4.329383E+19
    4.332575E+19
    4.335944E+19
    4.339501E+19
    4.343255E+19
    4.347206E+19
    4.351366E+19
    4.355752E+19
    4.360362E+19
    4.365197E+19
    4.370280E+19
    4.375566E+19
    4.381050E+19
    4.386703E+19
    4.392496E+19
    4.398401E+19
    4.404404E+19
    4.410486E+19
    4.416599E+19
    4.422740E+19
    4.428882E+19
    4.434998E+19
    4.441061E+19
    4.447063E+19
    4.452951E+19
    4.458723E+19
    4.464378E+19
    4.470038E+19
    4.475841E+19
    4.481896E+19
    4.488341E+19
    4.495317E+19
    4.502939E+19
    4.511348E+19
    4.520660E+19
    4.531012E+19
    4.542570E+19
    4.555444E+19
    4.569697E+19
    4.584372E+19
    4.597855E+19
    4.608512E+19
    4.614740E+19
    4.614967E+19
    4.607614E+19
    4.591033E+19
    4.555140E+19
    4.473113E+19
    4.307779E+19
    4.007150E+19
    3.524054E+19
    2.874699E+19
    2.195463E+19
    1.634545E+19
    1.244160E+19
    1.322958E+00
    1.340088E+00
    1.355204E+00
    1.369002E+00
    1.381141E+00
    1.391675E+00
    1.400715E+00
    1.408395E+00
    1.414712E+00
    1.419722E+00
    1.423485E+00
    1.426121E+00
    1.427676E+00
    1.428237E+00
    1.427858E+00
    1.426619E+00
    1.424574E+00
    1.421825E+00
    1.418435E+00
    1.414494E+00
    1.410076E+00
    1.405248E+00
    1.400078E+00
    1.394638E+00
    1.389012E+00
    1.383257E+00
    1.377461E+00
    1.371711E+00
    1.366066E+00
    1.360617E+00
    1.355468E+00
    1.350721E+00
    1.346427E+00
    1.342627E+00
    1.339361E+00
    1.336653E+00
    1.334566E+00
    1.333129E+00
    1.332347E+00
    1.332191E+00
    1.332640E+00
    1.333707E+00
    1.335402E+00
    1.337719E+00
    1.340662E+00
    1.344232E+00
    1.348425E+00
    1.353260E+00
    1.358712E+00
    1.364812E+00
    1.371536E+00
    1.378891E+00
    1.386819E+00
    1.395295E+00
    1.404261E+00
    1.413687E+00
    1.423511E+00
    1.433708E+00
    1.444211E+00
    1.454984E+00
    1.465970E+00
    1.477130E+00
    1.488426E+00
    1.499809E+00
    1.511210E+00
    1.522614E+00
    1.533949E+00
    1.545204E+00
    1.556338E+00
    1.567368E+00
    1.578305E+00
    1.589181E+00
    1.599997E+00
    1.610799E+00
    1.621556E+00
    1.632322E+00
    1.643103E+00
    1.653901E+00
    1.664743E+00
    1.675638E+00
    1.686617E+00
    1.697678E+00
    1.708856E+00
    1.720149E+00
    1.731571E+00
    1.743154E+00
    1.754933E+00
    1.766955E+00
    1.779243E+00
    1.791841E+00
    1.804788E+00
    1.818139E+00
    1.831907E+00
    1.846151E+00
    1.860911E+00
    1.876229E+00
    1.892129E+00
    1.908686E+00
    1.925916E+00
    1.943854E+00
    1.962433E+00
    1.981372E+00
    2.000393E+00
    2.019143E+00
    2.037349E+00
    2.054705E+00
    2.070920E+00
    2.085705E+00
    2.098770E+00
    2.109812E+00
    2.118589E+00
    2.124771E+00
    2.128107E+00
    2.128477E+00
    2.125903E+00
    2.120393E+00
    2.111954E+00
    2.100570E+00
    2.086033E+00
    2.068521E+00
    2.048411E+00
    2.025856E+00
    2.001486E+00
    1.975481E+00
    1.947881E+00
    1.918759E+00
    1.889033E+00
    1.859423E+00
    1.830520E+00
    9.888840E+02
    9.871869E+02
    9.854898E+02
    9.836875E+02
    9.817935E+02
    9.797773E+02
    9.776025E+02
    9.752214E+02
    9.726060E+02
    9.697441E+02
    9.666037E+02
    9.631434E+02
    9.593230E+02
    9.551051E+02
    9.504541E+02
    9.453407E+02
    9.397423E+02
    9.336416E+02
    9.270063E+02
    9.198038E+02
    9.119961E+02
    9.035443E+02
    8.944135E+02
    8.845688E+02
    8.739735E+02
    8.625778E+02
    8.503596E+02
    8.373714E+02
    8.237294E+02
    8.096043E+02
    7.951527E+02
    7.805323E+02
    7.659076E+02
    7.514294E+02
    7.372552E+02
    7.235295E+02
    7.103902E+02
    6.979981E+02
    6.864763E+02
    6.759690E+02
    6.667220E+02
    6.589096E+02
    6.526163E+02
    6.478969E+02
    6.448196E+02
    6.434569E+02
    6.438886E+02
    6.461549E+02
    6.500557E+02
    6.552118E+02
    6.612133E+02
    6.677752E+02
    6.747032E+02
    6.817333E+02
    6.884722E+02
    6.945222E+02
    6.996150E+02
    7.036631E+02
    7.065911E+02
    7.083174E+02
    7.087583E+02
    7.078341E+02
    7.054965E+02
    7.017659E+02
    6.967863E+02
    6.907219E+02
    6.836574E+02
    6.756105E+02
    6.666355E+02
    6.568072E+02
    6.461926E+02
    6.348495E+02
    6.228416E+02
    6.102147E+02
    5.970456E+02
    5.833945E+02
    5.693236E+02
    5.548917E+02
    5.401599E+02
    5.251877E+02
    5.100352E+02
    4.947611E+02
    4.794172E+02
    4.640818E+02
    4.488187E+02
    4.336919E+02
    4.187642E+02
    4.040987E+02
    3.897574E+02
    3.758005E+02
    3.622887E+02
    3.492503E+02
    3.366749E+02
    3.245510E+02
    3.128685E+02
    3.016151E+02
    2.907795E+02
    2.803520E+02
    2.703289E+02
    2.607064E+02
    2.514791E+02
    2.426408E+02
    2.341816E+02
    2.260927E+02
    2.183637E+02
    2.109840E+02
    2.039418E+02
    1.972254E+02
    1.908233E+02
    1.847235E+02
    1.789028E+02
    1.733567E+02
    1.680778E+02
    1.630574E+02
    1.582916E+02
    1.537771E+02
    1.495070E+02
    1.454713E+02
    1.416590E+02
    1.380579E+02
    1.346594E+02
    1.314484E+02
    1.284285E+02
    1.255820E+02
    1.228732E+02
    1.202860E+02
    1.178678E+02
    1.156329E+02
    1.135870E+02
