    0.74459865E+00
   -0.94091421E-02
    0.13104599E-02
  300
    0.16993524E+01   -0.94091421E-02
    0.16996218E+01    0.29300885E-02
    0.16997363E+01    0.15285037E-01
    0.16996877E+01    0.27656369E-01
    0.16994666E+01    0.40043992E-01
    0.16990638E+01    0.52447094E-01
    0.16984701E+01    0.64864122E-01
    0.16976759E+01    0.77292759E-01
    0.16966735E+01    0.89730235E-01
    0.16954598E+01    0.10217401E+00
    0.16940362E+01    0.11462233E+00
    0.16924038E+01    0.12707349E+00
    0.16905634E+01    0.13952591E+00
    0.16885160E+01    0.15197813E+00
    0.16862622E+01    0.16442878E+00
    0.16838040E+01    0.17687701E+00
    0.16811444E+01    0.18932264E+00
    0.16782873E+01    0.20176607E+00
    0.16752353E+01    0.21420782E+00
    0.16719894E+01    0.22664797E+00
    0.16685497E+01    0.23908643E+00
    0.16649162E+01    0.25152326E+00
    0.16610885E+01    0.26395847E+00
    0.16570642E+01    0.27639116E+00
    0.16528402E+01    0.28881988E+00
    0.16484131E+01    0.30124297E+00
    0.16437788E+01    0.31365814E+00
    0.16389381E+01    0.32606590E+00
    0.16338970E+01    0.33847066E+00
    0.16286646E+01    0.35087973E+00
    0.16232487E+01    0.36330127E+00
    0.16176547E+01    0.37574272E+00
    0.16118851E+01    0.38821068E+00
    0.16059415E+01    0.40071175E+00
    0.15998239E+01    0.41325211E+00
    0.15935287E+01    0.42583555E+00
    0.15870498E+01    0.43846375E+00
    0.15803809E+01    0.45113823E+00
    0.15735124E+01    0.46385707E+00
    0.15664333E+01    0.47661629E+00
    0.15591325E+01    0.48941095E+00
    0.15515987E+01    0.50223495E+00
    0.15438203E+01    0.51508080E+00
    0.15357885E+01    0.52794321E+00
    0.15274968E+01    0.54081937E+00
    0.15189405E+01    0.55370862E+00
    0.15101206E+01    0.56661872E+00
    0.15010385E+01    0.57955986E+00
    0.14916915E+01    0.59253793E+00
    0.14820726E+01    0.60555297E+00
    0.14721746E+01    0.61860492E+00
    0.14619891E+01    0.63169222E+00
    0.14515072E+01    0.64481167E+00
    0.14407210E+01    0.65796263E+00
    0.14296262E+01    0.67115168E+00
    0.14182191E+01    0.68438962E+00
    0.14064917E+01    0.69767985E+00
    0.13944359E+01    0.71102681E+00
    0.13820449E+01    0.72444083E+00
    0.13693116E+01    0.73793443E+00
    0.13562265E+01    0.75151772E+00
    0.13427787E+01    0.76520011E+00
    0.13289523E+01    0.77897698E+00
    0.13147309E+01    0.79284192E+00
    0.13001013E+01    0.80680109E+00
    0.12850503E+01    0.82086559E+00
    0.12695609E+01    0.83503367E+00
    0.12536148E+01    0.84929878E+00
    0.12371952E+01    0.86366403E+00
    0.12202880E+01    0.87816310E+00
    0.12028772E+01    0.89284297E+00
    0.11849392E+01    0.90771828E+00
    0.11664475E+01    0.92278627E+00
    0.11473757E+01    0.93806064E+00
    0.11276953E+01    0.95355478E+00
    0.11073755E+01    0.96930444E+00
    0.10863803E+01    0.98539385E+00
    0.10646667E+01    0.10018720E+01
    0.10421856E+01    0.10188037E+01
    0.10188827E+01    0.10362298E+01
    0.99470384E+00    0.10541454E+01
    0.96959317E+00    0.10725466E+01
    0.94349268E+00    0.10914321E+01
    0.91635023E+00    0.11107548E+01
    0.88812828E+00    0.11304013E+01
    0.85882191E+00    0.11501423E+01
    0.82848519E+00    0.11695759E+01
    0.79725443E+00    0.11881139E+01
    0.76538176E+00    0.12049407E+01
    0.73322498E+00    0.12191349E+01
    0.70125248E+00    0.12296990E+01
    0.66999720E+00    0.12357230E+01
    0.63993738E+00    0.12366816E+01
    0.61143780E+00    0.12324754E+01
    0.58472495E+00    0.12233738E+01
    0.55988201E+00    0.12099278E+01
    0.53688654E+00    0.11928171E+01
    0.51566919E+00    0.11726978E+01
    0.49610134E+00    0.11502272E+01
    0.47804606E+00    0.11259679E+01
    0.46136959E+00    0.11003858E+01
    0.44594639E+00    0.10738596E+01
    0.43166252E+00    0.10466915E+01
    0.41841446E+00    0.10191225E+01
    0.40611185E+00    0.99133932E+00
    0.39467561E+00    0.96348643E+00
    0.38403651E+00    0.93567478E+00
    0.37413293E+00    0.90799034E+00
    0.36490935E+00    0.88049981E+00
    0.35631774E+00    0.85325200E+00
    0.34831764E+00    0.82628065E+00
    0.34086753E+00    0.79961588E+00
    0.33392770E+00    0.77328151E+00
    0.32745986E+00    0.74729628E+00
    0.32142838E+00    0.72167323E+00
    0.31580486E+00    0.69641645E+00
    0.31056588E+00    0.67152444E+00
    0.30568181E+00    0.64700018E+00
    0.30112114E+00    0.62284664E+00
    0.29686335E+00    0.59905691E+00
    0.29289195E+00    0.57562102E+00
    0.28919064E+00    0.55252906E+00
    0.28574170E+00    0.52977227E+00
    0.28252698E+00    0.50734203E+00
    0.27953227E+00    0.48522718E+00
    0.27674640E+00    0.46341505E+00
    0.27415898E+00    0.44189297E+00
    0.27175712E+00    0.42064998E+00
    0.26951958E+00    0.39967924E+00
    0.26742247E+00    0.37897431E+00
    0.26544809E+00    0.35852492E+00
    0.26359759E+00    0.33831253E+00
    0.26188261E+00    0.31831584E+00
    0.26030670E+00    0.29851863E+00
    0.25886191E+00    0.27890980E+00
    0.25753763E+00    0.25947920E+00
    0.25632443E+00    0.24021609E+00
    0.25521412E+00    0.22110926E+00
    0.25420074E+00    0.20214688E+00
    0.25327974E+00    0.18331684E+00
    0.25244749E+00    0.16460702E+00
    0.25170166E+00    0.14600521E+00
    0.25104167E+00    0.12749915E+00
    0.25046861E+00    0.10907672E+00
    0.24998474E+00    0.90726035E-01
    0.24959373E+00    0.72435587E-01
    0.24929336E+00    0.54194834E-01
    0.24907529E+00    0.35993553E-01
    0.24893109E+00    0.17820973E-01
    0.24885302E+00   -0.33428900E-03
    0.24883556E+00   -0.18484179E-01
    0.24887981E+00   -0.36640874E-01
    0.24898932E+00   -0.54816358E-01
    0.24916802E+00   -0.73022354E-01
    0.24942062E+00   -0.91270291E-01
    0.24975302E+00   -0.10957122E+00
    0.25017245E+00   -0.12793571E+00
    0.25068141E+00   -0.14637469E+00
    0.25127542E+00   -0.16490045E+00
    0.25195034E+00   -0.18352589E+00
    0.25270298E+00   -0.20226449E+00
    0.25353324E+00   -0.22112969E+00
    0.25444778E+00   -0.24013361E+00
    0.25545639E+00   -0.25928745E+00
    0.25657005E+00   -0.27860178E+00
    0.25779975E+00   -0.29808683E+00
    0.25915021E+00   -0.31775478E+00
    0.26062330E+00   -0.33761930E+00
    0.26222241E+00   -0.35769409E+00
    0.26395136E+00   -0.37799332E+00
    0.26580258E+00   -0.39853706E+00
    0.26776290E+00   -0.41935000E+00
    0.26983348E+00   -0.44045223E+00
    0.27204209E+00   -0.46185081E+00
    0.27442154E+00   -0.48354859E+00
    0.27699975E+00   -0.50554931E+00
    0.27978165E+00   -0.52786955E+00
    0.28276693E+00   -0.55053055E+00
    0.28595786E+00   -0.57355379E+00
    0.28936434E+00   -0.59695723E+00
    0.29300565E+00   -0.62075298E+00
    0.29690114E+00   -0.64495323E+00
    0.30106995E+00   -0.66957049E+00
    0.30553270E+00   -0.69461637E+00
    0.31031378E+00   -0.72009940E+00
    0.31544081E+00   -0.74602492E+00
    0.32093130E+00   -0.77240735E+00
    0.32679647E+00   -0.79926859E+00
    0.33305605E+00   -0.82662399E+00
    0.33974454E+00   -0.85447404E+00
    0.34689424E+00   -0.88282046E+00
    0.35452697E+00   -0.91167667E+00
    0.36266854E+00   -0.94105247E+00
    0.37134843E+00   -0.97095375E+00
    0.38059756E+00   -0.10013848E+01
    0.39044849E+00   -0.10323475E+01
    0.40093881E+00   -0.10638364E+01
    0.41210628E+00   -0.10958442E+01
    0.42398441E+00   -0.11283691E+01
    0.43660805E+00   -0.11614069E+01
    0.45001677E+00   -0.11949442E+01
    0.46423817E+00   -0.12289882E+01
    0.47928139E+00   -0.12635851E+01
    0.49518053E+00   -0.12987400E+01
    0.51208514E+00   -0.13342053E+01
    0.53039937E+00   -0.13690822E+01
    0.55098298E+00   -0.14011260E+01
    0.57524371E+00   -0.14260830E+01
    0.60522768E+00   -0.14367852E+01
    0.64256104E+00   -0.14253500E+01
    0.68502845E+00   -0.13940639E+01
    0.72819058E+00   -0.13538612E+01
    0.76940571E+00   -0.13127153E+01
    0.80775633E+00   -0.12744373E+01
    0.84333593E+00   -0.12397415E+01
    0.87648877E+00   -0.12083439E+01
    0.90755348E+00   -0.11798048E+01
    0.93683433E+00   -0.11536157E+01
    0.96457989E+00   -0.11293161E+01
    0.99098967E+00   -0.11064931E+01
    0.10162053E+01   -0.10849475E+01
    0.10403476E+01   -0.10644922E+01
    0.10635213E+01   -0.10448980E+01
    0.10858070E+01   -0.10260311E+01
    0.11072723E+01   -0.10077721E+01
    0.11279742E+01   -0.99006771E+00
    0.11479650E+01   -0.97289634E+00
    0.11672920E+01   -0.95620226E+00
    0.11859914E+01   -0.93986191E+00
    0.12040920E+01   -0.92379162E+00
    0.12216205E+01   -0.90795563E+00
    0.12386003E+01   -0.89232210E+00
    0.12550562E+01   -0.87688964E+00
    0.12710157E+01   -0.86167449E+00
    0.12864996E+01   -0.84665810E+00
    0.13015231E+01   -0.83180581E+00
    0.13160917E+01   -0.81705916E+00
    0.13302179E+01   -0.80240546E+00
    0.13439243E+01   -0.78787221E+00
    0.13572259E+01   -0.77345633E+00
    0.13701340E+01   -0.75914598E+00
    0.13826576E+01   -0.74492734E+00
    0.13948043E+01   -0.73078644E+00
    0.14065846E+01   -0.71672161E+00
    0.14180124E+01   -0.70273888E+00
    0.14290936E+01   -0.68882698E+00
    0.14398309E+01   -0.67497091E+00
    0.14502324E+01   -0.66116973E+00
    0.14603087E+01   -0.64742784E+00
    0.14700707E+01   -0.63374961E+00
    0.14795310E+01   -0.62014179E+00
    0.14887028E+01   -0.60661158E+00
    0.14975977E+01   -0.59316215E+00
    0.15062239E+01   -0.57979174E+00
    0.15145877E+01   -0.56649594E+00
    0.15226919E+01   -0.55326684E+00
    0.15305378E+01   -0.54009567E+00
    0.15381313E+01   -0.52698089E+00
    0.15454820E+01   -0.51392565E+00
    0.15526005E+01   -0.50093369E+00
    0.15594994E+01   -0.48801017E+00
    0.15661924E+01   -0.47516046E+00
    0.15726915E+01   -0.46238741E+00
    0.15790065E+01   -0.44969067E+00
    0.15851458E+01   -0.43706860E+00
    0.15911166E+01   -0.42451818E+00
    0.15969209E+01   -0.41203235E+00
    0.16025593E+01   -0.39960335E+00
    0.16080319E+01   -0.38722395E+00
    0.16133364E+01   -0.37488599E+00
    0.16184692E+01   -0.36258128E+00
    0.16234254E+01   -0.35030198E+00
    0.16282025E+01   -0.33804269E+00
    0.16328051E+01   -0.32580317E+00
    0.16372429E+01   -0.31358607E+00
    0.16415255E+01   -0.30139307E+00
    0.16456620E+01   -0.28922511E+00
    0.16496596E+01   -0.27708142E+00
    0.16535225E+01   -0.26495958E+00
    0.16572545E+01   -0.25285680E+00
    0.16608598E+01   -0.24077033E+00
    0.16643344E+01   -0.22869423E+00
    0.16676638E+01   -0.21661913E+00
    0.16708272E+01   -0.20453511E+00
    0.16738103E+01   -0.19243654E+00
    0.16766200E+01   -0.18032559E+00
    0.16792730E+01   -0.16820666E+00
    0.16817874E+01   -0.15608303E+00
    0.16841788E+01   -0.14395595E+00
    0.16864545E+01   -0.13182351E+00
    0.16885971E+01   -0.11967868E+00
    0.16905840E+01   -0.10751505E+00
    0.16923931E+01   -0.95328301E-01
    0.16940028E+01   -0.83116153E-01
    0.16953947E+01   -0.70878440E-01
    0.16965712E+01   -0.58618326E-01
    0.16975439E+01   -0.46339326E-01
    0.16983242E+01   -0.34043941E-01
    0.16989233E+01   -0.21733692E-01
    0.16993524E+01   -0.94091421E-02
 221    4
    2    0
  0.00000000E+00
  4.54545455E-03
  9.09090909E-03
  1.36363636E-02
  1.81818182E-02
  2.27272727E-02
  2.72727273E-02
  3.18181818E-02
  3.63636364E-02
  4.09090909E-02
  4.54545455E-02
  5.00000000E-02
  5.45454545E-02
  5.90909091E-02
  6.36363636E-02
  6.81818182E-02
  7.27272727E-02
  7.72727273E-02
  8.18181818E-02
  8.63636364E-02
  9.09090909E-02
  9.54545455E-02
  1.00000000E-01
  1.04545455E-01
  1.09090909E-01
  1.13636364E-01
  1.18181818E-01
  1.22727273E-01
  1.27272727E-01
  1.31818182E-01
  1.36363636E-01
  1.40909091E-01
  1.45454545E-01
  1.50000000E-01
  1.54545455E-01
  1.59090909E-01
  1.63636364E-01
  1.68181818E-01
  1.72727273E-01
  1.77272727E-01
  1.81818182E-01
  1.86363636E-01
  1.90909091E-01
  1.95454545E-01
  2.00000000E-01
  2.04545455E-01
  2.09090909E-01
  2.13636364E-01
  2.18181818E-01
  2.22727273E-01
  2.27272727E-01
  2.31818182E-01
  2.36363636E-01
  2.40909091E-01
  2.45454545E-01
  2.50000000E-01
  2.54545455E-01
  2.59090909E-01
  2.63636364E-01
  2.68181818E-01
  2.72727273E-01
  2.77272727E-01
  2.81818182E-01
  2.86363636E-01
  2.90909091E-01
  2.95454545E-01
  3.00000000E-01
  3.04545455E-01
  3.09090909E-01
  3.13636364E-01
  3.18181818E-01
  3.22727273E-01
  3.27272727E-01
  3.31818182E-01
  3.36363636E-01
  3.40909091E-01
  3.45454545E-01
  3.50000000E-01
  3.54545455E-01
  3.59090909E-01
  3.63636364E-01
  3.68181818E-01
  3.72727273E-01
  3.77272727E-01
  3.81818182E-01
  3.86363636E-01
  3.90909091E-01
  3.95454545E-01
  4.00000000E-01
  4.04545455E-01
  4.09090909E-01
  4.13636364E-01
  4.18181818E-01
  4.22727273E-01
  4.27272727E-01
  4.31818182E-01
  4.36363636E-01
  4.40909091E-01
  4.45454545E-01
  4.50000000E-01
  4.54545455E-01
  4.59090909E-01
  4.63636364E-01
  4.68181818E-01
  4.72727273E-01
  4.77272727E-01
  4.81818182E-01
  4.86363636E-01
  4.90909091E-01
  4.95454545E-01
  5.00000000E-01
  5.04545455E-01
  5.09090909E-01
  5.13636364E-01
  5.18181818E-01
  5.22727273E-01
  5.27272727E-01
  5.31818182E-01
  5.36363636E-01
  5.40909091E-01
  5.45454545E-01
  5.50000000E-01
  5.54545455E-01
  5.59090909E-01
  5.63636364E-01
  5.68181818E-01
  5.72727273E-01
  5.77272727E-01
  5.81818182E-01
  5.86363636E-01
  5.90909091E-01
  5.95454545E-01
  6.00000000E-01
  6.04545455E-01
  6.09090909E-01
  6.13636364E-01
  6.18181818E-01
  6.22727273E-01
  6.27272727E-01
  6.31818182E-01
  6.36363636E-01
  6.40909091E-01
  6.45454545E-01
  6.50000000E-01
  6.54545455E-01
  6.59090909E-01
  6.63636364E-01
  6.68181818E-01
  6.72727273E-01
  6.77272727E-01
  6.81818182E-01
  6.86363636E-01
  6.90909091E-01
  6.95454545E-01
  7.00000000E-01
  7.04545455E-01
  7.09090909E-01
  7.13636364E-01
  7.18181818E-01
  7.22727273E-01
  7.27272727E-01
  7.31818182E-01
  7.36363636E-01
  7.40909091E-01
  7.45454545E-01
  7.50000000E-01
  7.54545455E-01
  7.59090909E-01
  7.63636364E-01
  7.68181818E-01
  7.72727273E-01
  7.77272727E-01
  7.81818182E-01
  7.86363636E-01
  7.90909091E-01
  7.95454545E-01
  8.00000000E-01
  8.04545455E-01
  8.09090909E-01
  8.13636364E-01
  8.18181818E-01
  8.22727273E-01
  8.27272727E-01
  8.31818182E-01
  8.36363636E-01
  8.40909091E-01
  8.45454545E-01
  8.50000000E-01
  8.54545455E-01
  8.59090909E-01
  8.63636364E-01
  8.68181818E-01
  8.72727273E-01
  8.77272727E-01
  8.81818182E-01
  8.86363636E-01
  8.90909091E-01
  8.95454545E-01
  9.00000000E-01
  9.04545455E-01
  9.09090909E-01
  9.13636364E-01
  9.18181818E-01
  9.22727273E-01
  9.27272727E-01
  9.31818182E-01
  9.36363636E-01
  9.40909091E-01
  9.45454545E-01
  9.50000000E-01
  9.54545455E-01
  9.59090909E-01
  9.63636364E-01
  9.68181818E-01
  9.72727273E-01
  9.77272727E-01
  9.81818182E-01
  9.86363636E-01
  9.90909091E-01
  9.95454545E-01
  1.00000000E+00
 -5.99217041E-01
 -5.97711621E-01
 -5.96206201E-01
 -5.94700780E-01
 -5.93195360E-01
 -5.91689940E-01
 -5.90184520E-01
 -5.88679099E-01
 -5.87173679E-01
 -5.85668259E-01
 -5.84162839E-01
 -5.82657418E-01
 -5.81151998E-01
 -5.79646578E-01
 -5.78141157E-01
 -5.76635737E-01
 -5.75130317E-01
 -5.73624897E-01
 -5.72119476E-01
 -5.70614056E-01
 -5.66172715E-01
 -5.59373184E-01
 -5.52573654E-01
 -5.45774123E-01
 -5.38974592E-01
 -5.32175061E-01
 -5.25375530E-01
 -5.18575999E-01
 -5.11321162E-01
 -5.03611017E-01
 -4.95900872E-01
 -4.88190727E-01
 -4.80480583E-01
 -4.72770438E-01
 -4.64986648E-01
 -4.57046012E-01
 -4.49105376E-01
 -4.41164741E-01
 -4.33224105E-01
 -4.25298174E-01
 -4.17492287E-01
 -4.09686400E-01
 -4.01880513E-01
 -3.94074626E-01
 -3.86450265E-01
 -3.78994355E-01
 -3.71538444E-01
 -3.64082534E-01
 -3.56803106E-01
 -3.49825986E-01
 -3.42848865E-01
 -3.35871744E-01
 -3.29200107E-01
 -3.22776187E-01
 -3.16352268E-01
 -3.09928348E-01
 -3.04096109E-01
 -2.98263871E-01
 -2.92431632E-01
 -2.87001414E-01
 -2.81774911E-01
 -2.76548408E-01
 -2.71628535E-01
 -2.67005479E-01
 -2.62382423E-01
 -2.58058403E-01
 -2.54025413E-01
 -2.49992423E-01
 -2.46323163E-01
 -2.42859362E-01
 -2.39395561E-01
 -2.36414758E-01
 -2.33494577E-01
 -2.30699004E-01
 -2.28294072E-01
 -2.25889139E-01
 -2.23818313E-01
 -2.21898895E-01
 -2.20078853E-01
 -2.18614759E-01
 -2.17150666E-01
 -2.16037423E-01
 -2.14998908E-01
 -2.14158592E-01
 -2.13516475E-01
 -2.12962530E-01
 -2.12688860E-01
 -2.12427970E-01
 -2.12496341E-01
 -2.12564713E-01
 -2.12915146E-01
 -2.13300507E-01
 -2.13918354E-01
 -2.14596955E-01
 -2.15477197E-01
 -2.16427198E-01
 -2.17562334E-01
 -2.18763467E-01
 -2.20144013E-01
 -2.21577301E-01
 -2.23192394E-01
 -2.24840241E-01
 -2.26678427E-01
 -2.28544049E-01
 -2.30574373E-01
 -2.32652863E-01
 -2.34853311E-01
 -2.37131547E-01
 -2.39489796E-01
 -2.41955287E-01
 -2.44459963E-01
 -2.47100582E-01
 -2.49778352E-01
 -2.52545131E-01
 -2.55384123E-01
 -2.58268398E-01
 -2.61257737E-01
 -2.64284936E-01
 -2.67380749E-01
 -2.70544935E-01
 -2.73747553E-01
 -2.77027488E-01
 -2.80354159E-01
 -2.83718324E-01
 -2.87158713E-01
 -2.90634502E-01
 -2.94147365E-01
 -2.97726334E-01
 -3.01337445E-01
 -3.04981630E-01
 -3.08683594E-01
 -3.12415647E-01
 -3.16177457E-01
 -3.19983554E-01
 -3.23821175E-01
 -3.27684582E-01
 -3.31577964E-01
 -3.35504134E-01
 -3.39451045E-01
 -3.43417998E-01
 -3.47409264E-01
 -3.51418393E-01
 -3.55440336E-01
 -3.59473515E-01
 -3.63517327E-01
 -3.67565548E-01
 -3.71614291E-01
 -3.75660613E-01
 -3.79699612E-01
 -3.83722668E-01
 -3.87726854E-01
 -3.88421714E-01
 -3.79592370E-01
 -3.42705706E-01
 -3.21326937E-01
 -3.28054863E-01
 -3.47398669E-01
 -3.65178860E-01
 -3.82197225E-01
 -3.98478816E-01
 -4.13615902E-01
 -4.27636992E-01
 -4.40609683E-01
 -4.52586951E-01
 -4.63603396E-01
 -4.73811798E-01
 -4.82828299E-01
 -4.90560439E-01
 -4.97213239E-01
 -5.02807509E-01
 -4.99872872E-01
 -4.82731066E-01
 -4.59936933E-01
 -4.49791824E-01
 -4.50344484E-01
 -4.50689627E-01
 -4.50800043E-01
 -4.50676735E-01
 -4.50300402E-01
 -4.49647806E-01
 -4.48691150E-01
 -4.47397632E-01
 -4.45728757E-01
 -4.43639484E-01
 -4.41077429E-01
 -4.37981820E-01
 -4.34282248E-01
 -4.29897316E-01
 -4.24733042E-01
 -4.18680979E-01
 -4.11616078E-01
 -4.03394217E-01
 -3.93849324E-01
 -3.82790064E-01
 -3.69996005E-01
 -3.55213205E-01
 -3.38149084E-01
 -3.18466532E-01
 -2.95777075E-01
 -2.69651824E-01
 -2.39905594E-01
 -2.07208435E-01
 -1.73226056E-01
 -1.40103441E-01
 -1.10399855E-01
 -8.66169983E-02
 -7.13152274E-02
 -6.73267787E-02
 -7.77605772E-02
 -1.06063957E-01
 -1.56115544E-01
 -2.32850931E-01
 -3.44986764E-01
 -5.16210895E-01
 -7.93294032E-01
 -1.12273518E+00
 -1.31899265E+00
 -1.21675819E+00
 -9.08285175E-01
 -5.71713552E-01
 -3.88791779E-01
  1.59822699E+00
  1.59584073E+00
  1.59571652E+00
  1.59550507E+00
  1.59520777E+00
  1.59482597E+00
  1.59436087E+00
  1.59381400E+00
  1.59318696E+00
  1.59248104E+00
  1.59169806E+00
  1.59083943E+00
  1.58990703E+00
  1.58890231E+00
  1.58782720E+00
  1.58668328E+00
  1.58547241E+00
  1.58419641E+00
  1.58284438E+00
  1.58143251E+00
  1.57996287E+00
  1.57843719E+00
  1.57683808E+00
  1.57518537E+00
  1.57348106E+00
  1.57172683E+00
  1.56992429E+00
  1.56807547E+00
  1.56617696E+00
  1.56423097E+00
  1.56224425E+00
  1.56021901E+00
  1.55815721E+00
  1.55606069E+00
  1.55392968E+00
  1.55176392E+00
  1.54956899E+00
  1.54734656E+00
  1.54509810E+00
  1.54282476E+00
  1.54052487E+00
  1.53820347E+00
  1.53586174E+00
  1.53350098E+00
  1.53112070E+00
  1.52872219E+00
  1.52630783E+00
  1.52387862E+00
  1.52143435E+00
  1.51897483E+00
  1.51650269E+00
  1.51401855E+00
  1.51152115E+00
  1.50901133E+00
  1.50649077E+00
  1.50395950E+00
  1.50141476E+00
  1.49885976E+00
  1.49629455E+00
  1.49371673E+00
  1.49112743E+00
  1.48852753E+00
  1.48591496E+00
  1.48328949E+00
  1.48065255E+00
  1.47800165E+00
  1.47533648E+00
  1.47265848E+00
  1.46996432E+00
  1.46725467E+00
  1.46453022E+00
  1.46178655E+00
  1.45902610E+00
  1.45624764E+00
  1.45344804E+00
  1.45062987E+00
  1.44778908E+00
  1.44492661E+00
  1.44204180E+00
  1.43913115E+00
  1.43619737E+00
  1.43323563E+00
  1.43024789E+00
  1.42723174E+00
  1.42418621E+00
  1.42111139E+00
  1.41800375E+00
  1.41486588E+00
  1.41169200E+00
  1.40848596E+00
  1.40524218E+00
  1.40196366E+00
  1.39864573E+00
  1.39529036E+00
  1.39189387E+00
  1.38845754E+00
  1.38497797E+00
  1.38145638E+00
  1.37788903E+00
  1.37427772E+00
  1.37061821E+00
  1.36691300E+00
  1.36315673E+00
  1.35935256E+00
  1.35549535E+00
  1.35158728E+00
  1.34762506E+00
  1.34360864E+00
  1.33953688E+00
  1.33540741E+00
  1.33122158E+00
  1.32697358E+00
  1.32266675E+00
  1.31829758E+00
  1.31386524E+00
  1.30936982E+00
  1.30480634E+00
  1.30017710E+00
  1.29547919E+00
  1.29071088E+00
  1.28587252E+00
  1.28095977E+00
  1.27597329E+00
  1.27091214E+00
  1.26577093E+00
  1.26055190E+00
  1.25525310E+00
  1.24986917E+00
  1.24440213E+00
  1.23884998E+00
  1.23320693E+00
  1.22747471E+00
  1.22165127E+00
  1.21573165E+00
  1.20971554E+00
  1.20360124E+00
  1.19738551E+00
  1.19106425E+00
  1.18463733E+00
  1.17810194E+00
  1.17145306E+00
  1.16468877E+00
  1.15780712E+00
  1.15080482E+00
  1.14367622E+00
  1.13641916E+00
  1.12903076E+00
  1.12150732E+00
  1.11384380E+00
  1.10603201E+00
  1.09807934E+00
  1.08998123E+00
  1.08173330E+00
  1.07333080E+00
  1.06476871E+00
  1.05604188E+00
  1.04714501E+00
  1.03807238E+00
  1.02867847E+00
  1.01908757E+00
  1.00929779E+00
  9.99302659E-01
  9.89094893E-01
  9.78666802E-01
  9.68012515E-01
  9.57130577E-01
  9.46021804E-01
  9.34690655E-01
  9.23151518E-01
  9.11394659E-01
  8.99418987E-01
  8.87222943E-01
  8.74804504E-01
  8.62161248E-01
  8.49290448E-01
  8.36189158E-01
  8.22768810E-01
  8.09099506E-01
  7.95178103E-01
  7.81001723E-01
  7.66567983E-01
  7.51875243E-01
  7.36923018E-01
  7.21712197E-01
  7.06245549E-01
  6.90528447E-01
  6.74569427E-01
  6.58380987E-01
  6.41980769E-01
  6.25392958E-01
  6.08649423E-01
  5.91792037E-01
  5.74875080E-01
  5.57967551E-01
  5.41157169E-01
  5.24554579E-01
  5.08297745E-01
  4.92559228E-01
  4.77552142E-01
  4.63541126E-01
  4.50849559E-01
  4.39891686E-01
  4.31276311E-01
  4.25000691E-01
  4.21259415E-01
  4.20129784E-01
  4.21897263E-01
  4.26118285E-01
  4.32377784E-01
  4.39860245E-01
  4.47971509E-01
  4.54515886E-01
  4.91810777E-01
  6.39261848E-01
  8.44667173E-01
  9.81606034E-01
  9.71363380E-01
  7.77015293E-01
  4.51030611E-01
  2.55395136E-01
  1.25907598E-01
