    0.74459865E+00
   -0.11770800E+00
    0.13104599E-02
  600
    0.16917116E+01   -0.10005180E+00
    0.16927755E+01   -0.92527520E-01
    0.16937634E+01   -0.84980895E-01
    0.16946717E+01   -0.77412765E-01
    0.16954989E+01   -0.69824023E-01
    0.16962448E+01   -0.62215538E-01
    0.16969112E+01   -0.54588068E-01
    0.16975004E+01   -0.46942247E-01
    0.16980151E+01   -0.39278565E-01
    0.16984580E+01   -0.31597384E-01
    0.16988319E+01   -0.23898946E-01
    0.16991395E+01   -0.16183385E-01
    0.16993827E+01   -0.84507710E-02
    0.16995633E+01   -0.70115213E-03
    0.16996818E+01    0.70653452E-02
    0.16997375E+01    0.14848447E-01
    0.16997289E+01    0.22647689E-01
    0.16996535E+01    0.30462419E-01
    0.16995087E+01    0.38291840E-01
    0.16992918E+01    0.46135021E-01
    0.16990000E+01    0.53990925E-01
    0.16986306E+01    0.61858419E-01
    0.16981812E+01    0.69736304E-01
    0.16976496E+01    0.77623365E-01
    0.16970342E+01    0.85518409E-01
    0.16963338E+01    0.93420353E-01
    0.16955481E+01    0.10132822E+00
    0.16946770E+01    0.10924115E+00
    0.16937207E+01    0.11715835E+00
    0.16926794E+01    0.12507905E+00
    0.16915534E+01    0.13300253E+00
    0.16903430E+01    0.14092803E+00
    0.16890484E+01    0.14885484E+00
    0.16876700E+01    0.15678228E+00
    0.16862082E+01    0.16470973E+00
    0.16846637E+01    0.17263666E+00
    0.16830371E+01    0.18056264E+00
    0.16813295E+01    0.18848733E+00
    0.16795417E+01    0.19641043E+00
    0.16776746E+01    0.20433166E+00
    0.16757289E+01    0.21225071E+00
    0.16737050E+01    0.22016725E+00
    0.16716034E+01    0.22808087E+00
    0.16694242E+01    0.23599117E+00
    0.16671677E+01    0.24389772E+00
    0.16648340E+01    0.25180003E+00
    0.16624230E+01    0.25969756E+00
    0.16599344E+01    0.26758966E+00
    0.16573677E+01    0.27547558E+00
    0.16547224E+01    0.28335446E+00
    0.16519979E+01    0.29122540E+00
    0.16491936E+01    0.29908750E+00
    0.16463093E+01    0.30693999E+00
    0.16433451E+01    0.31478249E+00
    0.16403022E+01    0.32261498E+00
    0.16371821E+01    0.33043801E+00
    0.16339870E+01    0.33825256E+00
    0.16307194E+01    0.34605993E+00
    0.16273817E+01    0.35386159E+00
    0.16239761E+01    0.36165899E+00
    0.16205046E+01    0.36945352E+00
    0.16169685E+01    0.37724643E+00
    0.16133693E+01    0.38503887E+00
    0.16097077E+01    0.39283187E+00
    0.16059845E+01    0.40062631E+00
    0.16021999E+01    0.40842290E+00
    0.15983539E+01    0.41622210E+00
    0.15944460E+01    0.42402410E+00
    0.15904756E+01    0.43182887E+00
    0.15864417E+01    0.43963612E+00
    0.15823431E+01    0.44744534E+00
    0.15781783E+01    0.45525570E+00
    0.15739456E+01    0.46306612E+00
    0.15696432E+01    0.47087527E+00
    0.15652691E+01    0.47868164E+00
    0.15608213E+01    0.48648358E+00
    0.15562980E+01    0.49427932E+00
    0.15516972E+01    0.50206708E+00
    0.15470172E+01    0.50984508E+00
    0.15422567E+01    0.51761181E+00
    0.15374146E+01    0.52536599E+00
    0.15324903E+01    0.53310679E+00
    0.15274836E+01    0.54083386E+00
    0.15223947E+01    0.54854738E+00
    0.15172245E+01    0.55624822E+00
    0.15119739E+01    0.56393760E+00
    0.15066440E+01    0.57161692E+00
    0.15012353E+01    0.57928729E+00
    0.14957483E+01    0.58694950E+00
    0.14901827E+01    0.59460381E+00
    0.14845381E+01    0.60225011E+00
    0.14788139E+01    0.60988805E+00
    0.14730093E+01    0.61751706E+00
    0.14671234E+01    0.62513649E+00
    0.14611554E+01    0.63274568E+00
    0.14551047E+01    0.64034411E+00
    0.14489707E+01    0.64793165E+00
    0.14427532E+01    0.65550858E+00
    0.14364524E+01    0.66307567E+00
    0.14300682E+01    0.67063393E+00
    0.14236009E+01    0.67818447E+00
    0.14170502E+01    0.68572817E+00
    0.14104160E+01    0.69326581E+00
    0.14036979E+01    0.70079822E+00
    0.13968959E+01    0.70832646E+00
    0.13900096E+01    0.71585188E+00
    0.13830391E+01    0.72337606E+00
    0.13759840E+01    0.73090066E+00
    0.13688442E+01    0.73842721E+00
    0.13616190E+01    0.74595702E+00
    0.13543076E+01    0.75349090E+00
    0.13469089E+01    0.76102917E+00
    0.13394215E+01    0.76857142E+00
    0.13318438E+01    0.77611710E+00
    0.13241744E+01    0.78366562E+00
    0.13164119E+01    0.79121694E+00
    0.13085553E+01    0.79877145E+00
    0.13006034E+01    0.80632975E+00
    0.12925550E+01    0.81389238E+00
    0.12844087E+01    0.82145928E+00
    0.12761629E+01    0.82903008E+00
    0.12678161E+01    0.83660425E+00
    0.12593668E+01    0.84418161E+00
    0.12508137E+01    0.85176310E+00
    0.12421559E+01    0.85935080E+00
    0.12333929E+01    0.86694852E+00
    0.12245239E+01    0.87456056E+00
    0.12155480E+01    0.88219160E+00
    0.12064641E+01    0.88984508E+00
    0.11972704E+01    0.89752320E+00
    0.11879645E+01    0.90522699E+00
    0.11785443E+01    0.91295665E+00
    0.11690072E+01    0.92071260E+00
    0.11593508E+01    0.92849548E+00
    0.11495728E+01    0.93630669E+00
    0.11396710E+01    0.94414828E+00
    0.11296430E+01    0.95202408E+00
    0.11194866E+01    0.95993904E+00
    0.11091996E+01    0.96790002E+00
    0.10987795E+01    0.97591459E+00
    0.10882233E+01    0.98398983E+00
    0.10775277E+01    0.99213251E+00
    0.10666892E+01    0.10003489E+01
    0.10557035E+01    0.10086448E+01
    0.10445664E+01    0.10170242E+01
    0.10332731E+01    0.10254903E+01
    0.10218186E+01    0.10340441E+01
    0.10101979E+01    0.10426855E+01
    0.99840570E+00    0.10514141E+01
    0.98643681E+00    0.10602292E+01
    0.97428593E+00    0.10691299E+01
    0.96194774E+00    0.10781153E+01
    0.94941692E+00    0.10871823E+01
    0.93668822E+00    0.10963268E+01
    0.92375662E+00    0.11055411E+01
    0.91061749E+00    0.11148145E+01
    0.89726686E+00    0.11241313E+01
    0.88370175E+00    0.11334701E+01
    0.86992046E+00    0.11428034E+01
    0.85592326E+00    0.11520945E+01
    0.84171249E+00    0.11613002E+01
    0.82729366E+00    0.11703653E+01
    0.81267531E+00    0.11792280E+01
    0.79787053E+00    0.11878120E+01
    0.78289641E+00    0.11960355E+01
    0.76777554E+00    0.12038035E+01
    0.75253534E+00    0.12110164E+01
    0.73720934E+00    0.12175645E+01
    0.72183650E+00    0.12233345E+01
    0.70646077E+00    0.12282130E+01
    0.69113079E+00    0.12320884E+01
    0.67589692E+00    0.12348639E+01
    0.66081127E+00    0.12364542E+01
    0.64592422E+00    0.12367976E+01
    0.63128434E+00    0.12358512E+01
    0.61693556E+00    0.12335979E+01
    0.60291701E+00    0.12300422E+01
    0.58926114E+00    0.12252122E+01
    0.57599399E+00    0.12191547E+01
    0.56313470E+00    0.12119334E+01
    0.55069631E+00    0.12036230E+01
    0.53868616E+00    0.11943067E+01
    0.52710667E+00    0.11840721E+01
    0.51595545E+00    0.11730101E+01
    0.50522615E+00    0.11612119E+01
    0.49490984E+00    0.11487656E+01
    0.48499518E+00    0.11357556E+01
    0.47546992E+00    0.11222595E+01
    0.46632062E+00    0.11083499E+01
    0.45753370E+00    0.10940921E+01
    0.44909528E+00    0.10795457E+01
    0.44099159E+00    0.10647641E+01
    0.43320913E+00    0.10497949E+01
    0.42573454E+00    0.10346812E+01
    0.41855525E+00    0.10194604E+01
    0.41165886E+00    0.10041660E+01
    0.40503391E+00    0.98882688E+00
    0.39866917E+00    0.97346893E+00
    0.39255422E+00    0.95811424E+00
    0.38667898E+00    0.94278254E+00
    0.38103393E+00    0.92749081E+00
    0.37560997E+00    0.91225396E+00
    0.37039847E+00    0.89708492E+00
    0.36539135E+00    0.88199462E+00
    0.36058091E+00    0.86699257E+00
    0.35595997E+00    0.85208668E+00
    0.35152152E+00    0.83728399E+00
    0.34725870E+00    0.82259075E+00
    0.34316467E+00    0.80801268E+00
    0.33923269E+00    0.79355491E+00
    0.33545611E+00    0.77922201E+00
    0.33182843E+00    0.76501795E+00
    0.32834346E+00    0.75094597E+00
    0.32499531E+00    0.73700862E+00
    0.32177860E+00    0.72320756E+00
    0.31868828E+00    0.70954387E+00
    0.31571960E+00    0.69601814E+00
    0.31286787E+00    0.68263078E+00
    0.31012819E+00    0.66938234E+00
    0.30749567E+00    0.65627329E+00
    0.30496542E+00    0.64330394E+00
    0.30253289E+00    0.63047414E+00
    0.30019411E+00    0.61778308E+00
    0.29794546E+00    0.60522952E+00
    0.29578377E+00    0.59281180E+00
    0.29370596E+00    0.58052817E+00
    0.29170907E+00    0.56837684E+00
    0.28979011E+00    0.55635609E+00
    0.28794605E+00    0.54446425E+00
    0.28617389E+00    0.53269965E+00
    0.28447074E+00    0.52106059E+00
    0.28283392E+00    0.50954515E+00
    0.28126099E+00    0.49815128E+00
    0.27974977E+00    0.48687676E+00
    0.27829823E+00    0.47571930E+00
    0.27690443E+00    0.46467660E+00
    0.27556643E+00    0.45374645E+00
    0.27428198E+00    0.44292692E+00
    0.27304871E+00    0.43221622E+00
    0.27186370E+00    0.42161298E+00
    0.27072387E+00    0.41111596E+00
    0.26962601E+00    0.40072394E+00
    0.26856699E+00    0.39043564E+00
    0.26754434E+00    0.38024929E+00
    0.26655603E+00    0.37016282E+00
    0.26560123E+00    0.36017342E+00
    0.26467969E+00    0.35027801E+00
    0.26379180E+00    0.34047322E+00
    0.26293822E+00    0.33075568E+00
    0.26211924E+00    0.32112241E+00
    0.26133492E+00    0.31157066E+00
    0.26058465E+00    0.30209821E+00
    0.25986744E+00    0.29270309E+00
    0.25918201E+00    0.28338356E+00
    0.25852692E+00    0.27413797E+00
    0.25790073E+00    0.26496469E+00
    0.25730206E+00    0.25586208E+00
    0.25672966E+00    0.24682845E+00
    0.25618238E+00    0.23786208E+00
    0.25565918E+00    0.22896121E+00
    0.25515919E+00    0.22012405E+00
    0.25468159E+00    0.21134881E+00
    0.25422567E+00    0.20263366E+00
    0.25379079E+00    0.19397682E+00
    0.25337636E+00    0.18537649E+00
    0.25298185E+00    0.17683089E+00
    0.25260680E+00    0.16833826E+00
    0.25225079E+00    0.15989685E+00
    0.25191351E+00    0.15150489E+00
    0.25159471E+00    0.14316067E+00
    0.25129422E+00    0.13486245E+00
    0.25101196E+00    0.12660852E+00
    0.25074791E+00    0.11839721E+00
    0.25050211E+00    0.11022684E+00
    0.25027466E+00    0.10209578E+00
    0.25006563E+00    0.94002445E-01
    0.24987507E+00    0.85945296E-01
    0.24970283E+00    0.77922880E-01
    0.24954857E+00    0.69933814E-01
    0.24941179E+00    0.61976768E-01
    0.24929172E+00    0.54050476E-01
    0.24918758E+00    0.46153673E-01
    0.24909851E+00    0.38285100E-01
    0.24902364E+00    0.30443484E-01
    0.24896217E+00    0.22627531E-01
    0.24891336E+00    0.14835928E-01
    0.24887656E+00    0.70673356E-02
    0.24885128E+00   -0.67961381E-03
    0.24883712E+00   -0.84063031E-02
    0.24883398E+00   -0.16114145E-01
    0.24884183E+00   -0.23804553E-01
    0.24886079E+00   -0.31478935E-01
    0.24889104E+00   -0.39138689E-01
    0.24893280E+00   -0.46785196E-01
    0.24898630E+00   -0.54419815E-01
    0.24905181E+00   -0.62043890E-01
    0.24912960E+00   -0.69658745E-01
    0.24921999E+00   -0.77265685E-01
    0.24932331E+00   -0.84865998E-01
    0.24943996E+00   -0.92460953E-01
    0.24957035E+00   -0.10005180E+00
    0.24971489E+00   -0.10763977E+00
    0.24987399E+00   -0.11522607E+00
    0.25004784E+00   -0.12281190E+00
    0.25023655E+00   -0.13039846E+00
    0.25044007E+00   -0.13798695E+00
    0.25065810E+00   -0.14557860E+00
    0.25089032E+00   -0.15317465E+00
    0.25113635E+00   -0.16077637E+00
    0.25139583E+00   -0.16838503E+00
    0.25166841E+00   -0.17600196E+00
    0.25195383E+00   -0.18362848E+00
    0.25225185E+00   -0.19126592E+00
    0.25256244E+00   -0.19891562E+00
    0.25288559E+00   -0.20657893E+00
    0.25322155E+00   -0.21425718E+00
    0.25357071E+00   -0.22195165E+00
    0.25393357E+00   -0.22966365E+00
    0.25431076E+00   -0.23739441E+00
    0.25470299E+00   -0.24514517E+00
    0.25511098E+00   -0.25291715E+00
    0.25553553E+00   -0.26071155E+00
    0.25597739E+00   -0.26852955E+00
    0.25643728E+00   -0.27637234E+00
    0.25691587E+00   -0.28424112E+00
    0.25741366E+00   -0.29213715E+00
    0.25793100E+00   -0.30006169E+00
    0.25846821E+00   -0.30801607E+00
    0.25902550E+00   -0.31600166E+00
    0.25960309E+00   -0.32401983E+00
    0.26020124E+00   -0.33207198E+00
    0.26082024E+00   -0.34015953E+00
    0.26146036E+00   -0.34828393E+00
    0.26212179E+00   -0.35644667E+00
    0.26280465E+00   -0.36464932E+00
    0.26350861E+00   -0.37289365E+00
    0.26423317E+00   -0.38118158E+00
    0.26497772E+00   -0.38951512E+00
    0.26574149E+00   -0.39789646E+00
    0.26652386E+00   -0.40632780E+00
    0.26732483E+00   -0.41481116E+00
    0.26814470E+00   -0.42334850E+00
    0.26898450E+00   -0.43194146E+00
    0.26984610E+00   -0.44059132E+00
    0.27073154E+00   -0.44929923E+00
    0.27164321E+00   -0.45806615E+00
    0.27258363E+00   -0.46689290E+00
    0.27355502E+00   -0.47578042E+00
    0.27455939E+00   -0.48472972E+00
    0.27559843E+00   -0.49374197E+00
    0.27667294E+00   -0.50281885E+00
    0.27778358E+00   -0.51196214E+00
    0.27893063E+00   -0.52117394E+00
    0.28011423E+00   -0.53045649E+00
    0.28133460E+00   -0.53981209E+00
    0.28259202E+00   -0.54924308E+00
    0.28388694E+00   -0.55875179E+00
    0.28522017E+00   -0.56834041E+00
    0.28659272E+00   -0.57801103E+00
    0.28800587E+00   -0.58776565E+00
    0.28946124E+00   -0.59760606E+00
    0.29096048E+00   -0.60753406E+00
    0.29250535E+00   -0.61755143E+00
    0.29409763E+00   -0.62765992E+00
    0.29573914E+00   -0.63786136E+00
    0.29743168E+00   -0.64815757E+00
    0.29917715E+00   -0.65855035E+00
    0.30097756E+00   -0.66904149E+00
    0.30283498E+00   -0.67963271E+00
    0.30475173E+00   -0.69032560E+00
    0.30673019E+00   -0.70112169E+00
    0.30877281E+00   -0.71202248E+00
    0.31088210E+00   -0.72302947E+00
    0.31306034E+00   -0.73414434E+00
    0.31530949E+00   -0.74536921E+00
    0.31763144E+00   -0.75670629E+00
    0.32002782E+00   -0.76815819E+00
    0.32250030E+00   -0.77972758E+00
    0.32505092E+00   -0.79141687E+00
    0.32768201E+00   -0.80322828E+00
    0.33039634E+00   -0.81516364E+00
    0.33319719E+00   -0.82722424E+00
    0.33608795E+00   -0.83941128E+00
    0.33907201E+00   -0.85172597E+00
    0.34215273E+00   -0.86416958E+00
    0.34533313E+00   -0.87674382E+00
    0.34861614E+00   -0.88945062E+00
    0.35200472E+00   -0.90229190E+00
    0.35550193E+00   -0.91526961E+00
    0.35911098E+00   -0.92838557E+00
    0.36283527E+00   -0.94164143E+00
    0.36667833E+00   -0.95503876E+00
    0.37064385E+00   -0.96857893E+00
    0.37473564E+00   -0.98226327E+00
    0.37895768E+00   -0.99609285E+00
    0.38331410E+00   -0.10100686E+01
    0.38780922E+00   -0.10241912E+01
    0.39244755E+00   -0.10384610E+01
    0.39723364E+00   -0.10528784E+01
    0.40217210E+00   -0.10674435E+01
    0.40726757E+00   -0.10821564E+01
    0.41252462E+00   -0.10970175E+01
    0.41794793E+00   -0.11120269E+01
    0.42354236E+00   -0.11271842E+01
    0.42931280E+00   -0.11424893E+01
    0.43526414E+00   -0.11579416E+01
    0.44140116E+00   -0.11735412E+01
    0.44772754E+00   -0.11892901E+01
    0.45424645E+00   -0.12051919E+01
    0.46095962E+00   -0.12212537E+01
    0.46786803E+00   -0.12374850E+01
    0.47497330E+00   -0.12538952E+01
    0.48227778E+00   -0.12704929E+01
    0.48978902E+00   -0.12872752E+01
    0.49752056E+00   -0.13042237E+01
    0.50549734E+00   -0.13212878E+01
    0.51376125E+00   -0.13383653E+01
    0.52237039E+00   -0.13552955E+01
    0.53141473E+00   -0.13718047E+01
    0.54099709E+00   -0.13875435E+01
    0.55125697E+00   -0.14020011E+01
    0.56232984E+00   -0.14146053E+01
    0.57435824E+00   -0.14246762E+01
    0.58745295E+00   -0.14315396E+01
    0.60164536E+00   -0.14347003E+01
    0.61691720E+00   -0.14337701E+01
    0.63311187E+00   -0.14288370E+01
    0.65001072E+00   -0.14202640E+01
    0.66736626E+00   -0.14086105E+01
    0.68490326E+00   -0.13946755E+01
    0.70238645E+00   -0.13792383E+01
    0.71964808E+00   -0.13629148E+01
    0.73655596E+00   -0.13462759E+01
    0.75303310E+00   -0.13297233E+01
    0.76904813E+00   -0.13134905E+01
    0.78458556E+00   -0.12977728E+01
    0.79965809E+00   -0.12826292E+01
    0.81428571E+00   -0.12680819E+01
    0.82849232E+00   -0.12541271E+01
    0.84230470E+00   -0.12407322E+01
    0.85574825E+00   -0.12278625E+01
    0.86884661E+00   -0.12154833E+01
    0.88162179E+00   -0.12035597E+01
    0.89409400E+00   -0.11920581E+01
    0.90628174E+00   -0.11809474E+01
    0.91820202E+00   -0.11701965E+01
    0.92987030E+00   -0.11597765E+01
    0.94130068E+00   -0.11496596E+01
    0.95250590E+00   -0.11398195E+01
    0.96349750E+00   -0.11302329E+01
    0.97428593E+00   -0.11208775E+01
    0.98488066E+00   -0.11117373E+01
    0.99529048E+00   -0.11027987E+01
    0.10055235E+01   -0.10940485E+01
    0.10155874E+01   -0.10854749E+01
    0.10254891E+01   -0.10770660E+01
    0.10352350E+01   -0.10688091E+01
    0.10448309E+01   -0.10606914E+01
    0.10542822E+01   -0.10527014E+01
    0.10635937E+01   -0.10448296E+01
    0.10727702E+01   -0.10370668E+01
    0.10818158E+01   -0.10294054E+01
    0.10907347E+01   -0.10218386E+01
    0.10995307E+01   -0.10143611E+01
    0.11082079E+01   -0.10069694E+01
    0.11167699E+01   -0.99966028E+00
    0.11252207E+01   -0.99243171E+00
    0.11335639E+01   -0.98528165E+00
    0.11418030E+01   -0.97820683E+00
    0.11499409E+01   -0.97120313E+00
    0.11579802E+01   -0.96426544E+00
    0.11659230E+01   -0.95738668E+00
    0.11737708E+01   -0.95055971E+00
    0.11815250E+01   -0.94377827E+00
    0.11891871E+01   -0.93703653E+00
    0.11967583E+01   -0.93032983E+00
    0.12042401E+01   -0.92365496E+00
    0.12116339E+01   -0.91700902E+00
    0.12189415E+01   -0.91039000E+00
    0.12261641E+01   -0.90379612E+00
    0.12333037E+01   -0.89722657E+00
    0.12403621E+01   -0.89068114E+00
    0.12473413E+01   -0.88415988E+00
    0.12542433E+01   -0.87766323E+00
    0.12610702E+01   -0.87119147E+00
    0.12678237E+01   -0.86474378E+00
    0.12745051E+01   -0.85831887E+00
    0.12811155E+01   -0.85191463E+00
    0.12876553E+01   -0.84552813E+00
    0.12941250E+01   -0.83915626E+00
    0.13005244E+01   -0.83279546E+00
    0.13068535E+01   -0.82644239E+00
    0.13131127E+01   -0.82009528E+00
    0.13193026E+01   -0.81375307E+00
    0.13254244E+01   -0.80741573E+00
    0.13314798E+01   -0.80108423E+00
    0.13374702E+01   -0.79475929E+00
    0.13433970E+01   -0.78844103E+00
    0.13492612E+01   -0.78212932E+00
    0.13550637E+01   -0.77582339E+00
    0.13608049E+01   -0.76952225E+00
    0.13664853E+01   -0.76322472E+00
    0.13721052E+01   -0.75692949E+00
    0.13776648E+01   -0.75063536E+00
    0.13831644E+01   -0.74434124E+00
    0.13886043E+01   -0.73804621E+00
    0.13939851E+01   -0.73174988E+00
    0.13993074E+01   -0.72545194E+00
    0.14045720E+01   -0.71915227E+00
    0.14097795E+01   -0.71285078E+00
    0.14149304E+01   -0.70654694E+00
    0.14200249E+01   -0.70023988E+00
    0.14250630E+01   -0.69392863E+00
    0.14300444E+01   -0.68761208E+00
    0.14349691E+01   -0.68128931E+00
    0.14398373E+01   -0.67495983E+00
    0.14446492E+01   -0.66862333E+00
    0.14494054E+01   -0.66227982E+00
    0.14541066E+01   -0.65592942E+00
    0.14587535E+01   -0.64957239E+00
    0.14633469E+01   -0.64320901E+00
    0.14678877E+01   -0.63683965E+00
    0.14723768E+01   -0.63046472E+00
    0.14768154E+01   -0.62408464E+00
    0.14812043E+01   -0.61769980E+00
    0.14855446E+01   -0.61131049E+00
    0.14898371E+01   -0.60491685E+00
    0.14940826E+01   -0.59851888E+00
    0.14982815E+01   -0.59211637E+00
    0.15024341E+01   -0.58570897E+00
    0.15065407E+01   -0.57929614E+00
    0.15106011E+01   -0.57287727E+00
    0.15146152E+01   -0.56645154E+00
    0.15185826E+01   -0.56001816E+00
    0.15225029E+01   -0.55357634E+00
    0.15263758E+01   -0.54712538E+00
    0.15302013E+01   -0.54066490E+00
    0.15339795E+01   -0.53419464E+00
    0.15377109E+01   -0.52771464E+00
    0.15413962E+01   -0.52122506E+00
    0.15450362E+01   -0.51472615E+00
    0.15486319E+01   -0.50821826E+00
    0.15521845E+01   -0.50170177E+00
    0.15556952E+01   -0.49517711E+00
    0.15591652E+01   -0.48864466E+00
    0.15625960E+01   -0.48210481E+00
    0.15659887E+01   -0.47555778E+00
    0.15693445E+01   -0.46900374E+00
    0.15726644E+01   -0.46244269E+00
    0.15759493E+01   -0.45587454E+00
    0.15792000E+01   -0.44929909E+00
    0.15824170E+01   -0.44271605E+00
    0.15856008E+01   -0.43612502E+00
    0.15887517E+01   -0.42952547E+00
    0.15918695E+01   -0.42291671E+00
    0.15949540E+01   -0.41629798E+00
    0.15980046E+01   -0.40966846E+00
    0.16010209E+01   -0.40302731E+00
    0.16040019E+01   -0.39637366E+00
    0.16069469E+01   -0.38970662E+00
    0.16098548E+01   -0.38302529E+00
    0.16127242E+01   -0.37632873E+00
    0.16155539E+01   -0.36961603E+00
    0.16183423E+01   -0.36288635E+00
    0.16210881E+01   -0.35613890E+00
    0.16237902E+01   -0.34937314E+00
    0.16264480E+01   -0.34258870E+00
    0.16290614E+01   -0.33578548E+00
    0.16316309E+01   -0.32896355E+00
    0.16341575E+01   -0.32212313E+00
    0.16366424E+01   -0.31526445E+00
    0.16390867E+01   -0.30838774E+00
    0.16414918E+01   -0.30149313E+00
    0.16438587E+01   -0.29458068E+00
    0.16461884E+01   -0.28765035E+00
    0.16484817E+01   -0.28070201E+00
    0.16507390E+01   -0.27373542E+00
    0.16529608E+01   -0.26675034E+00
    0.16551475E+01   -0.25974644E+00
    0.16572990E+01   -0.25272331E+00
    0.16594149E+01   -0.24568046E+00
    0.16614937E+01   -0.23861720E+00
    0.16635330E+01   -0.23153270E+00
    0.16655290E+01   -0.22442606E+00
    0.16674776E+01   -0.21729640E+00
    0.16693744E+01   -0.21014300E+00
    0.16712161E+01   -0.20296549E+00
    0.16730005E+01   -0.19576380E+00
    0.16747279E+01   -0.18853820E+00
    0.16764000E+01   -0.18128916E+00
    0.16780196E+01   -0.17401719E+00
    0.16795906E+01   -0.16672272E+00
    0.16811165E+01   -0.15940602E+00
    0.16826002E+01   -0.15206715E+00
    0.16840435E+01   -0.14470596E+00
    0.16854461E+01   -0.13732212E+00
    0.16868055E+01   -0.12991522E+00
    0.16881175E+01   -0.12248486E+00
    0.16893766E+01   -0.11503081E+00
    0.16905767E+01   -0.10755305E+00
  221    4
    2    0
    0.00000000E+00
    0.45454546E-02
    0.90909091E-02
    0.13636364E-01
    0.18181818E-01
    0.22727273E-01
    0.27272727E-01
    0.31818182E-01
    0.36363636E-01
    0.40909091E-01
    0.45454545E-01
    0.50000000E-01
    0.54545454E-01
    0.59090909E-01
    0.63636364E-01
    0.68181818E-01
    0.72727273E-01
    0.77272727E-01
    0.81818182E-01
    0.86363636E-01
    0.90909091E-01
    0.95454546E-01
    0.10000000E+00
    0.10454545E+00
    0.10909091E+00
    0.11363636E+00
    0.11818182E+00
    0.12272727E+00
    0.12727273E+00
    0.13181818E+00
    0.13636364E+00
    0.14090909E+00
    0.14545454E+00
    0.15000000E+00
    0.15454545E+00
    0.15909091E+00
    0.16363636E+00
    0.16818182E+00
    0.17272727E+00
    0.17727273E+00
    0.18181818E+00
    0.18636364E+00
    0.19090909E+00
    0.19545455E+00
    0.20000000E+00
    0.20454545E+00
    0.20909091E+00
    0.21363636E+00
    0.21818182E+00
    0.22272727E+00
    0.22727273E+00
    0.23181818E+00
    0.23636364E+00
    0.24090909E+00
    0.24545454E+00
    0.25000000E+00
    0.25454545E+00
    0.25909091E+00
    0.26363636E+00
    0.26818182E+00
    0.27272727E+00
    0.27727273E+00
    0.28181818E+00
    0.28636364E+00
    0.29090909E+00
    0.29545455E+00
    0.30000000E+00
    0.30454546E+00
    0.30909091E+00
    0.31363636E+00
    0.31818182E+00
    0.32272727E+00
    0.32727273E+00
    0.33181818E+00
    0.33636364E+00
    0.34090909E+00
    0.34545455E+00
    0.35000000E+00
    0.35454546E+00
    0.35909091E+00
    0.36363636E+00
    0.36818182E+00
    0.37272727E+00
    0.37727273E+00
    0.38181818E+00
    0.38636364E+00
    0.39090909E+00
    0.39545454E+00
    0.40000000E+00
    0.40454545E+00
    0.40909091E+00
    0.41363636E+00
    0.41818182E+00
    0.42272727E+00
    0.42727273E+00
    0.43181818E+00
    0.43636364E+00
    0.44090909E+00
    0.44545454E+00
    0.45000000E+00
    0.45454545E+00
    0.45909091E+00
    0.46363636E+00
    0.46818182E+00
    0.47272727E+00
    0.47727273E+00
    0.48181818E+00
    0.48636364E+00
    0.49090909E+00
    0.49545455E+00
    0.50000000E+00
    0.50454546E+00
    0.50909091E+00
    0.51363636E+00
    0.51818182E+00
    0.52272727E+00
    0.52727273E+00
    0.53181818E+00
    0.53636364E+00
    0.54090909E+00
    0.54545455E+00
    0.55000000E+00
    0.55454545E+00
    0.55909091E+00
    0.56363636E+00
    0.56818182E+00
    0.57272727E+00
    0.57727273E+00
    0.58181818E+00
    0.58636364E+00
    0.59090909E+00
    0.59545454E+00
    0.60000000E+00
    0.60454546E+00
    0.60909091E+00
    0.61363636E+00
    0.61818182E+00
    0.62272727E+00
    0.62727273E+00
    0.63181818E+00
    0.63636364E+00
    0.64090909E+00
    0.64545454E+00
    0.65000000E+00
    0.65454546E+00
    0.65909091E+00
    0.66363636E+00
    0.66818182E+00
    0.67272727E+00
    0.67727273E+00
    0.68181818E+00
    0.68636364E+00
    0.69090909E+00
    0.69545455E+00
    0.70000000E+00
    0.70454545E+00
    0.70909091E+00
    0.71363636E+00
    0.71818182E+00
    0.72272727E+00
    0.72727273E+00
    0.73181818E+00
    0.73636364E+00
    0.74090909E+00
    0.74545454E+00
    0.75000000E+00
    0.75454546E+00
    0.75909091E+00
    0.76363636E+00
    0.76818182E+00
    0.77272727E+00
    0.77727273E+00
    0.78181818E+00
    0.78636364E+00
    0.79090909E+00
    0.79545455E+00
    0.80000000E+00
    0.80454545E+00
    0.80909091E+00
    0.81363636E+00
    0.81818182E+00
    0.82272727E+00
    0.82727273E+00
    0.83181818E+00
    0.83636364E+00
    0.84090909E+00
    0.84545454E+00
    0.85000000E+00
    0.85454546E+00
    0.85909091E+00
    0.86363636E+00
    0.86818182E+00
    0.87272727E+00
    0.87727273E+00
    0.88181818E+00
    0.88636364E+00
    0.89090909E+00
    0.89545454E+00
    0.90000000E+00
    0.90454546E+00
    0.90909091E+00
    0.91363636E+00
    0.91818182E+00
    0.92272727E+00
    0.92727273E+00
    0.93181818E+00
    0.93636364E+00
    0.94090909E+00
    0.94545455E+00
    0.95000000E+00
    0.95454545E+00
    0.95909091E+00
    0.96363636E+00
    0.96818182E+00
    0.97272727E+00
    0.97727273E+00
    0.98181818E+00
    0.98636364E+00
    0.99090909E+00
    0.99545454E+00
    0.10000000E+01
   -0.59921704E+00
   -0.59771162E+00
   -0.59620620E+00
   -0.59470078E+00
   -0.59319536E+00
   -0.59168994E+00
   -0.59018452E+00
   -0.58867910E+00
   -0.58717368E+00
   -0.58566826E+00
   -0.58416284E+00
   -0.58265742E+00
   -0.58115200E+00
   -0.57964658E+00
   -0.57814116E+00
   -0.57663574E+00
   -0.57513032E+00
   -0.57362490E+00
   -0.57211948E+00
   -0.57061406E+00
   -0.56617271E+00
   -0.55937318E+00
   -0.55257365E+00
   -0.54577412E+00
   -0.53897459E+00
   -0.53217506E+00
   -0.52537553E+00
   -0.51857600E+00
   -0.51132116E+00
   -0.50361102E+00
   -0.49590087E+00
   -0.48819073E+00
   -0.48048058E+00
   -0.47277044E+00
   -0.46498665E+00
   -0.45704601E+00
   -0.44910538E+00
   -0.44116474E+00
   -0.43322411E+00
   -0.42529817E+00
   -0.41749229E+00
   -0.40968640E+00
   -0.40188051E+00
   -0.39407463E+00
   -0.38645027E+00
   -0.37899436E+00
   -0.37153844E+00
   -0.36408253E+00
   -0.35680311E+00
   -0.34982599E+00
   -0.34284887E+00
   -0.33587174E+00
   -0.32920011E+00
   -0.32277619E+00
   -0.31635227E+00
   -0.30992835E+00
   -0.30409611E+00
   -0.29826387E+00
   -0.29243163E+00
   -0.28700141E+00
   -0.28177491E+00
   -0.27654841E+00
   -0.27162854E+00
   -0.26700548E+00
   -0.26238242E+00
   -0.25805840E+00
   -0.25402541E+00
   -0.24999242E+00
   -0.24632316E+00
   -0.24285936E+00
   -0.23939556E+00
   -0.23641476E+00
   -0.23349458E+00
   -0.23069900E+00
   -0.22829407E+00
   -0.22588914E+00
   -0.22381831E+00
   -0.22189890E+00
   -0.22007885E+00
   -0.21861476E+00
   -0.21715067E+00
   -0.21603742E+00
   -0.21499891E+00
   -0.21415859E+00
   -0.21351648E+00
   -0.21296253E+00
   -0.21268886E+00
   -0.21242797E+00
   -0.21249634E+00
   -0.21256471E+00
   -0.21291515E+00
   -0.21330051E+00
   -0.21391835E+00
   -0.21459696E+00
   -0.21547720E+00
   -0.21642720E+00
   -0.21756233E+00
   -0.21876347E+00
   -0.22014401E+00
   -0.22157730E+00
   -0.22319239E+00
   -0.22484024E+00
   -0.22667843E+00
   -0.22854405E+00
   -0.23057437E+00
   -0.23265286E+00
   -0.23485331E+00
   -0.23713155E+00
   -0.23948980E+00
   -0.24195529E+00
   -0.24445996E+00
   -0.24710058E+00
   -0.24977835E+00
   -0.25254513E+00
   -0.25538412E+00
   -0.25826840E+00
   -0.26125774E+00
   -0.26428494E+00
   -0.26738075E+00
   -0.27054493E+00
   -0.27374755E+00
   -0.27702749E+00
   -0.28035416E+00
   -0.28371832E+00
   -0.28715871E+00
   -0.29063450E+00
   -0.29414736E+00
   -0.29772633E+00
   -0.30133744E+00
   -0.30498163E+00
   -0.30868359E+00
   -0.31241565E+00
   -0.31617746E+00
   -0.31998355E+00
   -0.32382118E+00
   -0.32768458E+00
   -0.33157796E+00
   -0.33550413E+00
   -0.33945105E+00
   -0.34341800E+00
   -0.34740926E+00
   -0.35141839E+00
   -0.35544034E+00
   -0.35947352E+00
   -0.36351733E+00
   -0.36756555E+00
   -0.37161429E+00
   -0.37566061E+00
   -0.37969961E+00
   -0.38372267E+00
   -0.38772685E+00
   -0.38842171E+00
   -0.37959237E+00
   -0.34270571E+00
   -0.32132694E+00
   -0.32805486E+00
   -0.34739867E+00
   -0.36517886E+00
   -0.38219722E+00
   -0.39847882E+00
   -0.41361590E+00
   -0.42763699E+00
   -0.44060968E+00
   -0.45258695E+00
   -0.46360340E+00
   -0.47381180E+00
   -0.48282830E+00
   -0.49056044E+00
   -0.49721324E+00
   -0.50280751E+00
   -0.49987287E+00
   -0.48273107E+00
   -0.45993693E+00
   -0.44979182E+00
   -0.45034448E+00
   -0.45068963E+00
   -0.45080004E+00
   -0.45067673E+00
   -0.45030040E+00
   -0.44964781E+00
   -0.44869115E+00
   -0.44739763E+00
   -0.44572876E+00
   -0.44363948E+00
   -0.44107743E+00
   -0.43798182E+00
   -0.43428225E+00
   -0.42989732E+00
   -0.42473304E+00
   -0.41868098E+00
   -0.41161608E+00
   -0.40339422E+00
   -0.39384932E+00
   -0.38279006E+00
   -0.36999601E+00
   -0.35521320E+00
   -0.33814908E+00
   -0.31846653E+00
   -0.29577708E+00
   -0.26965182E+00
   -0.23990559E+00
   -0.20720843E+00
   -0.17322606E+00
   -0.14010344E+00
   -0.11039986E+00
   -0.86616998E-01
   -0.71315227E-01
   -0.67326779E-01
   -0.77760577E-01
   -0.10606396E+00
   -0.15611554E+00
   -0.23285093E+00
   -0.34498676E+00
   -0.51621089E+00
   -0.79329403E+00
   -0.11227352E+01
   -0.13189926E+01
   -0.12167582E+01
   -0.90828517E+00
   -0.57171355E+00
   -0.38879178E+00
    0.15982270E+01
    0.15958407E+01
    0.15957165E+01
    0.15955051E+01
    0.15952078E+01
    0.15948260E+01
    0.15943609E+01
    0.15938140E+01
    0.15931870E+01
    0.15924810E+01
    0.15916981E+01
    0.15908394E+01
    0.15899070E+01
    0.15889023E+01
    0.15878272E+01
    0.15866833E+01
    0.15854724E+01
    0.15841964E+01
    0.15828444E+01
    0.15814325E+01
    0.15799629E+01
    0.15784372E+01
    0.15768381E+01
    0.15751854E+01
    0.15734811E+01
    0.15717268E+01
    0.15699243E+01
    0.15680755E+01
    0.15661770E+01
    0.15642310E+01
    0.15622443E+01
    0.15602190E+01
    0.15581572E+01
    0.15560607E+01
    0.15539297E+01
    0.15517639E+01
    0.15495690E+01
    0.15473466E+01
    0.15450981E+01
    0.15428248E+01
    0.15405249E+01
    0.15382035E+01
    0.15358617E+01
    0.15335010E+01
    0.15311207E+01
    0.15287222E+01
    0.15263078E+01
    0.15238786E+01
    0.15214344E+01
    0.15189748E+01
    0.15165027E+01
    0.15140186E+01
    0.15115212E+01
    0.15090113E+01
    0.15064908E+01
    0.15039595E+01
    0.15014148E+01
    0.14988598E+01
    0.14962946E+01
    0.14937167E+01
    0.14911274E+01
    0.14885275E+01
    0.14859150E+01
    0.14832895E+01
    0.14806526E+01
    0.14780016E+01
    0.14753365E+01
    0.14726585E+01
    0.14699643E+01
    0.14672547E+01
    0.14645302E+01
    0.14617866E+01
    0.14590261E+01
    0.14562476E+01
    0.14534480E+01
    0.14506299E+01
    0.14477891E+01
    0.14449266E+01
    0.14420418E+01
    0.14391311E+01
    0.14361974E+01
    0.14332356E+01
    0.14302479E+01
    0.14272317E+01
    0.14241862E+01
    0.14211114E+01
    0.14180038E+01
    0.14148659E+01
    0.14116920E+01
    0.14084860E+01
    0.14052422E+01
    0.14019637E+01
    0.13986457E+01
    0.13952904E+01
    0.13918939E+01
    0.13884575E+01
    0.13849780E+01
    0.13814564E+01
    0.13778890E+01
    0.13742777E+01
    0.13706182E+01
    0.13669130E+01
    0.13631567E+01
    0.13593526E+01
    0.13554953E+01
    0.13515873E+01
    0.13476251E+01
    0.13436086E+01
    0.13395369E+01
    0.13354074E+01
    0.13312216E+01
    0.13269736E+01
    0.13226668E+01
    0.13182976E+01
    0.13138652E+01
    0.13093698E+01
    0.13048063E+01
    0.13001771E+01
    0.12954792E+01
    0.12907109E+01
    0.12858725E+01
    0.12809598E+01
    0.12759733E+01
    0.12709121E+01
    0.12657709E+01
    0.12605519E+01
    0.12552531E+01
    0.12498692E+01
    0.12444021E+01
    0.12388500E+01
    0.12332069E+01
    0.12274747E+01
    0.12216513E+01
    0.12157316E+01
    0.12097155E+01
    0.12036012E+01
    0.11973855E+01
    0.11910642E+01
    0.11846373E+01
    0.11781019E+01
    0.11714531E+01
    0.11646888E+01
    0.11578071E+01
    0.11508048E+01
    0.11436762E+01
    0.11364192E+01
    0.11290308E+01
    0.11215073E+01
    0.11138438E+01
    0.11060320E+01
    0.10980793E+01
    0.10899812E+01
    0.10817333E+01
    0.10733308E+01
    0.10647687E+01
    0.10560419E+01
    0.10471450E+01
    0.10380724E+01
    0.10286785E+01
    0.10190876E+01
    0.10092978E+01
    0.99930266E+00
    0.98909489E+00
    0.97866680E+00
    0.96801251E+00
    0.95713058E+00
    0.94602180E+00
    0.93469066E+00
    0.92315152E+00
    0.91139466E+00
    0.89941899E+00
    0.88722294E+00
    0.87480450E+00
    0.86216125E+00
    0.84929045E+00
    0.83618916E+00
    0.82276881E+00
    0.80909951E+00
    0.79517810E+00
    0.78100172E+00
    0.76656798E+00
    0.75187524E+00
    0.73692302E+00
    0.72171220E+00
    0.70624555E+00
    0.69052845E+00
    0.67456943E+00
    0.65838099E+00
    0.64198077E+00
    0.62539296E+00
    0.60864942E+00
    0.59179204E+00
    0.57487508E+00
    0.55796755E+00
    0.54115717E+00
    0.52455458E+00
    0.50829775E+00
    0.49255923E+00
    0.47755214E+00
    0.46354113E+00
    0.45084956E+00
    0.43989169E+00
    0.43127631E+00
    0.42500069E+00
    0.42125942E+00
    0.42012978E+00
    0.42189726E+00
    0.42611828E+00
    0.43237778E+00
    0.43986024E+00
    0.44797151E+00
    0.45451589E+00
    0.49181078E+00
    0.63926185E+00
    0.84466717E+00
    0.98160603E+00
    0.97136338E+00
    0.77701529E+00
    0.45103061E+00
    0.25539514E+00
    0.12590760E+00
