    0.74459865E+00
   -0.94091421E-02
    0.13104599E-02
  300
    0.16993524E+01   -0.94091421E-02
    0.16996218E+01    0.29300885E-02
    0.16997363E+01    0.15285037E-01
    0.16996877E+01    0.27656369E-01
    0.16994666E+01    0.40043992E-01
    0.16990638E+01    0.52447094E-01
    0.16984701E+01    0.64864122E-01
    0.16976759E+01    0.77292759E-01
    0.16966735E+01    0.89730235E-01
    0.16954598E+01    0.10217401E+00
    0.16940362E+01    0.11462233E+00
    0.16924038E+01    0.12707349E+00
    0.16905634E+01    0.13952591E+00
    0.16885160E+01    0.15197813E+00
    0.16862622E+01    0.16442878E+00
    0.16838040E+01    0.17687701E+00
    0.16811444E+01    0.18932264E+00
    0.16782873E+01    0.20176607E+00
    0.16752353E+01    0.21420782E+00
    0.16719894E+01    0.22664797E+00
    0.16685497E+01    0.23908643E+00
    0.16649162E+01    0.25152326E+00
    0.16610885E+01    0.26395847E+00
    0.16570642E+01    0.27639116E+00
    0.16528402E+01    0.28881988E+00
    0.16484131E+01    0.30124297E+00
    0.16437788E+01    0.31365814E+00
    0.16389381E+01    0.32606590E+00
    0.16338970E+01    0.33847066E+00
    0.16286646E+01    0.35087973E+00
    0.16232487E+01    0.36330127E+00
    0.16176547E+01    0.37574272E+00
    0.16118851E+01    0.38821068E+00
    0.16059415E+01    0.40071175E+00
    0.15998239E+01    0.41325211E+00
    0.15935287E+01    0.42583555E+00
    0.15870498E+01    0.43846375E+00
    0.15803809E+01    0.45113823E+00
    0.15735124E+01    0.46385707E+00
    0.15664333E+01    0.47661629E+00
    0.15591325E+01    0.48941095E+00
    0.15515987E+01    0.50223495E+00
    0.15438203E+01    0.51508080E+00
    0.15357885E+01    0.52794321E+00
    0.15274968E+01    0.54081937E+00
    0.15189405E+01    0.55370862E+00
    0.15101206E+01    0.56661872E+00
    0.15010385E+01    0.57955986E+00
    0.14916915E+01    0.59253793E+00
    0.14820726E+01    0.60555297E+00
    0.14721746E+01    0.61860492E+00
    0.14619891E+01    0.63169222E+00
    0.14515072E+01    0.64481167E+00
    0.14407210E+01    0.65796263E+00
    0.14296262E+01    0.67115168E+00
    0.14182191E+01    0.68438962E+00
    0.14064917E+01    0.69767985E+00
    0.13944359E+01    0.71102681E+00
    0.13820449E+01    0.72444083E+00
    0.13693116E+01    0.73793443E+00
    0.13562265E+01    0.75151772E+00
    0.13427787E+01    0.76520011E+00
    0.13289523E+01    0.77897698E+00
    0.13147309E+01    0.79284192E+00
    0.13001013E+01    0.80680109E+00
    0.12850503E+01    0.82086559E+00
    0.12695609E+01    0.83503367E+00
    0.12536148E+01    0.84929878E+00
    0.12371952E+01    0.86366403E+00
    0.12202880E+01    0.87816310E+00
    0.12028772E+01    0.89284297E+00
    0.11849392E+01    0.90771828E+00
    0.11664475E+01    0.92278627E+00
    0.11473757E+01    0.93806064E+00
    0.11276953E+01    0.95355478E+00
    0.11073755E+01    0.96930444E+00
    0.10863803E+01    0.98539385E+00
    0.10646667E+01    0.10018720E+01
    0.10421856E+01    0.10188037E+01
    0.10188827E+01    0.10362298E+01
    0.99470384E+00    0.10541454E+01
    0.96959317E+00    0.10725466E+01
    0.94349268E+00    0.10914321E+01
    0.91635023E+00    0.11107548E+01
    0.88812828E+00    0.11304013E+01
    0.85882191E+00    0.11501423E+01
    0.82848519E+00    0.11695759E+01
    0.79725443E+00    0.11881139E+01
    0.76538176E+00    0.12049407E+01
    0.73322498E+00    0.12191349E+01
    0.70125248E+00    0.12296990E+01
    0.66999720E+00    0.12357230E+01
    0.63993738E+00    0.12366816E+01
    0.61143780E+00    0.12324754E+01
    0.58472495E+00    0.12233738E+01
    0.55988201E+00    0.12099278E+01
    0.53688654E+00    0.11928171E+01
    0.51566919E+00    0.11726978E+01
    0.49610134E+00    0.11502272E+01
    0.47804606E+00    0.11259679E+01
    0.46136959E+00    0.11003858E+01
    0.44594639E+00    0.10738596E+01
    0.43166252E+00    0.10466915E+01
    0.41841446E+00    0.10191225E+01
    0.40611185E+00    0.99133932E+00
    0.39467561E+00    0.96348643E+00
    0.38403651E+00    0.93567478E+00
    0.37413293E+00    0.90799034E+00
    0.36490935E+00    0.88049981E+00
    0.35631774E+00    0.85325200E+00
    0.34831764E+00    0.82628065E+00
    0.34086753E+00    0.79961588E+00
    0.33392770E+00    0.77328151E+00
    0.32745986E+00    0.74729628E+00
    0.32142838E+00    0.72167323E+00
    0.31580486E+00    0.69641645E+00
    0.31056588E+00    0.67152444E+00
    0.30568181E+00    0.64700018E+00
    0.30112114E+00    0.62284664E+00
    0.29686335E+00    0.59905691E+00
    0.29289195E+00    0.57562102E+00
    0.28919064E+00    0.55252906E+00
    0.28574170E+00    0.52977227E+00
    0.28252698E+00    0.50734203E+00
    0.27953227E+00    0.48522718E+00
    0.27674640E+00    0.46341505E+00
    0.27415898E+00    0.44189297E+00
    0.27175712E+00    0.42064998E+00
    0.26951958E+00    0.39967924E+00
    0.26742247E+00    0.37897431E+00
    0.26544809E+00    0.35852492E+00
    0.26359759E+00    0.33831253E+00
    0.26188261E+00    0.31831584E+00
    0.26030670E+00    0.29851863E+00
    0.25886191E+00    0.27890980E+00
    0.25753763E+00    0.25947920E+00
    0.25632443E+00    0.24021609E+00
    0.25521412E+00    0.22110926E+00
    0.25420074E+00    0.20214688E+00
    0.25327974E+00    0.18331684E+00
    0.25244749E+00    0.16460702E+00
    0.25170166E+00    0.14600521E+00
    0.25104167E+00    0.12749915E+00
    0.25046861E+00    0.10907672E+00
    0.24998474E+00    0.90726035E-01
    0.24959373E+00    0.72435587E-01
    0.24929336E+00    0.54194834E-01
    0.24907529E+00    0.35993553E-01
    0.24893109E+00    0.17820973E-01
    0.24885302E+00   -0.33428900E-03
    0.24883556E+00   -0.18484179E-01
    0.24887981E+00   -0.36640874E-01
    0.24898932E+00   -0.54816358E-01
    0.24916802E+00   -0.73022354E-01
    0.24942062E+00   -0.91270291E-01
    0.24975302E+00   -0.10957122E+00
    0.25017245E+00   -0.12793571E+00
    0.25068141E+00   -0.14637469E+00
    0.25127542E+00   -0.16490045E+00
    0.25195034E+00   -0.18352589E+00
    0.25270298E+00   -0.20226449E+00
    0.25353324E+00   -0.22112969E+00
    0.25444778E+00   -0.24013361E+00
    0.25545639E+00   -0.25928745E+00
    0.25657005E+00   -0.27860178E+00
    0.25779975E+00   -0.29808683E+00
    0.25915021E+00   -0.31775478E+00
    0.26062330E+00   -0.33761930E+00
    0.26222241E+00   -0.35769409E+00
    0.26395136E+00   -0.37799332E+00
    0.26580258E+00   -0.39853706E+00
    0.26776290E+00   -0.41935000E+00
    0.26983348E+00   -0.44045223E+00
    0.27204209E+00   -0.46185081E+00
    0.27442154E+00   -0.48354859E+00
    0.27699975E+00   -0.50554931E+00
    0.27978165E+00   -0.52786955E+00
    0.28276693E+00   -0.55053055E+00
    0.28595786E+00   -0.57355379E+00
    0.28936434E+00   -0.59695723E+00
    0.29300565E+00   -0.62075298E+00
    0.29690114E+00   -0.64495323E+00
    0.30106995E+00   -0.66957049E+00
    0.30553270E+00   -0.69461637E+00
    0.31031378E+00   -0.72009940E+00
    0.31544081E+00   -0.74602492E+00
    0.32093130E+00   -0.77240735E+00
    0.32679647E+00   -0.79926859E+00
    0.33305605E+00   -0.82662399E+00
    0.33974454E+00   -0.85447404E+00
    0.34689424E+00   -0.88282046E+00
    0.35452697E+00   -0.91167667E+00
    0.36266854E+00   -0.94105247E+00
    0.37134843E+00   -0.97095375E+00
    0.38059756E+00   -0.10013848E+01
    0.39044849E+00   -0.10323475E+01
    0.40093881E+00   -0.10638364E+01
    0.41210628E+00   -0.10958442E+01
    0.42398441E+00   -0.11283691E+01
    0.43660805E+00   -0.11614069E+01
    0.45001677E+00   -0.11949442E+01
    0.46423817E+00   -0.12289882E+01
    0.47928139E+00   -0.12635851E+01
    0.49518053E+00   -0.12987400E+01
    0.51208514E+00   -0.13342053E+01
    0.53039937E+00   -0.13690822E+01
    0.55098298E+00   -0.14011260E+01
    0.57524371E+00   -0.14260830E+01
    0.60522768E+00   -0.14367852E+01
    0.64256104E+00   -0.14253500E+01
    0.68502845E+00   -0.13940639E+01
    0.72819058E+00   -0.13538612E+01
    0.76940571E+00   -0.13127153E+01
    0.80775633E+00   -0.12744373E+01
    0.84333593E+00   -0.12397415E+01
    0.87648877E+00   -0.12083439E+01
    0.90755348E+00   -0.11798048E+01
    0.93683433E+00   -0.11536157E+01
    0.96457989E+00   -0.11293161E+01
    0.99098967E+00   -0.11064931E+01
    0.10162053E+01   -0.10849475E+01
    0.10403476E+01   -0.10644922E+01
    0.10635213E+01   -0.10448980E+01
    0.10858070E+01   -0.10260311E+01
    0.11072723E+01   -0.10077721E+01
    0.11279742E+01   -0.99006771E+00
    0.11479650E+01   -0.97289634E+00
    0.11672920E+01   -0.95620226E+00
    0.11859914E+01   -0.93986191E+00
    0.12040920E+01   -0.92379162E+00
    0.12216205E+01   -0.90795563E+00
    0.12386003E+01   -0.89232210E+00
    0.12550562E+01   -0.87688964E+00
    0.12710157E+01   -0.86167449E+00
    0.12864996E+01   -0.84665810E+00
    0.13015231E+01   -0.83180581E+00
    0.13160917E+01   -0.81705916E+00
    0.13302179E+01   -0.80240546E+00
    0.13439243E+01   -0.78787221E+00
    0.13572259E+01   -0.77345633E+00
    0.13701340E+01   -0.75914598E+00
    0.13826576E+01   -0.74492734E+00
    0.13948043E+01   -0.73078644E+00
    0.14065846E+01   -0.71672161E+00
    0.14180124E+01   -0.70273888E+00
    0.14290936E+01   -0.68882698E+00
    0.14398309E+01   -0.67497091E+00
    0.14502324E+01   -0.66116973E+00
    0.14603087E+01   -0.64742784E+00
    0.14700707E+01   -0.63374961E+00
    0.14795310E+01   -0.62014179E+00
    0.14887028E+01   -0.60661158E+00
    0.14975977E+01   -0.59316215E+00
    0.15062239E+01   -0.57979174E+00
    0.15145877E+01   -0.56649594E+00
    0.15226919E+01   -0.55326684E+00
    0.15305378E+01   -0.54009567E+00
    0.15381313E+01   -0.52698089E+00
    0.15454820E+01   -0.51392565E+00
    0.15526005E+01   -0.50093369E+00
    0.15594994E+01   -0.48801017E+00
    0.15661924E+01   -0.47516046E+00
    0.15726915E+01   -0.46238741E+00
    0.15790065E+01   -0.44969067E+00
    0.15851458E+01   -0.43706860E+00
    0.15911166E+01   -0.42451818E+00
    0.15969209E+01   -0.41203235E+00
    0.16025593E+01   -0.39960335E+00
    0.16080319E+01   -0.38722395E+00
    0.16133364E+01   -0.37488599E+00
    0.16184692E+01   -0.36258128E+00
    0.16234254E+01   -0.35030198E+00
    0.16282025E+01   -0.33804269E+00
    0.16328051E+01   -0.32580317E+00
    0.16372429E+01   -0.31358607E+00
    0.16415255E+01   -0.30139307E+00
    0.16456620E+01   -0.28922511E+00
    0.16496596E+01   -0.27708142E+00
    0.16535225E+01   -0.26495958E+00
    0.16572545E+01   -0.25285680E+00
    0.16608598E+01   -0.24077033E+00
    0.16643344E+01   -0.22869423E+00
    0.16676638E+01   -0.21661913E+00
    0.16708272E+01   -0.20453511E+00
    0.16738103E+01   -0.19243654E+00
    0.16766200E+01   -0.18032559E+00
    0.16792730E+01   -0.16820666E+00
    0.16817874E+01   -0.15608303E+00
    0.16841788E+01   -0.14395595E+00
    0.16864545E+01   -0.13182351E+00
    0.16885971E+01   -0.11967868E+00
    0.16905840E+01   -0.10751505E+00
    0.16923931E+01   -0.95328301E-01
    0.16940028E+01   -0.83116153E-01
    0.16953947E+01   -0.70878440E-01
    0.16965712E+01   -0.58618326E-01
    0.16975439E+01   -0.46339326E-01
    0.16983242E+01   -0.34043941E-01
    0.16989233E+01   -0.21733692E-01
    0.16993524E+01   -0.94091421E-02
 221    4
    4    0
  0.00000000E+00
  4.54545455E-03
  9.09090909E-03
  1.36363636E-02
  1.81818182E-02
  2.27272727E-02
  2.72727273E-02
  3.18181818E-02
  3.63636364E-02
  4.09090909E-02
  4.54545455E-02
  5.00000000E-02
  5.45454545E-02
  5.90909091E-02
  6.36363636E-02
  6.81818182E-02
  7.27272727E-02
  7.72727273E-02
  8.18181818E-02
  8.63636364E-02
  9.09090909E-02
  9.54545455E-02
  1.00000000E-01
  1.04545455E-01
  1.09090909E-01
  1.13636364E-01
  1.18181818E-01
  1.22727273E-01
  1.27272727E-01
  1.31818182E-01
  1.36363636E-01
  1.40909091E-01
  1.45454545E-01
  1.50000000E-01
  1.54545455E-01
  1.59090909E-01
  1.63636364E-01
  1.68181818E-01
  1.72727273E-01
  1.77272727E-01
  1.81818182E-01
  1.86363636E-01
  1.90909091E-01
  1.95454545E-01
  2.00000000E-01
  2.04545455E-01
  2.09090909E-01
  2.13636364E-01
  2.18181818E-01
  2.22727273E-01
  2.27272727E-01
  2.31818182E-01
  2.36363636E-01
  2.40909091E-01
  2.45454545E-01
  2.50000000E-01
  2.54545455E-01
  2.59090909E-01
  2.63636364E-01
  2.68181818E-01
  2.72727273E-01
  2.77272727E-01
  2.81818182E-01
  2.86363636E-01
  2.90909091E-01
  2.95454545E-01
  3.00000000E-01
  3.04545455E-01
  3.09090909E-01
  3.13636364E-01
  3.18181818E-01
  3.22727273E-01
  3.27272727E-01
  3.31818182E-01
  3.36363636E-01
  3.40909091E-01
  3.45454545E-01
  3.50000000E-01
  3.54545455E-01
  3.59090909E-01
  3.63636364E-01
  3.68181818E-01
  3.72727273E-01
  3.77272727E-01
  3.81818182E-01
  3.86363636E-01
  3.90909091E-01
  3.95454545E-01
  4.00000000E-01
  4.04545455E-01
  4.09090909E-01
  4.13636364E-01
  4.18181818E-01
  4.22727273E-01
  4.27272727E-01
  4.31818182E-01
  4.36363636E-01
  4.40909091E-01
  4.45454545E-01
  4.50000000E-01
  4.54545455E-01
  4.59090909E-01
  4.63636364E-01
  4.68181818E-01
  4.72727273E-01
  4.77272727E-01
  4.81818182E-01
  4.86363636E-01
  4.90909091E-01
  4.95454545E-01
  5.00000000E-01
  5.04545455E-01
  5.09090909E-01
  5.13636364E-01
  5.18181818E-01
  5.22727273E-01
  5.27272727E-01
  5.31818182E-01
  5.36363636E-01
  5.40909091E-01
  5.45454545E-01
  5.50000000E-01
  5.54545455E-01
  5.59090909E-01
  5.63636364E-01
  5.68181818E-01
  5.72727273E-01
  5.77272727E-01
  5.81818182E-01
  5.86363636E-01
  5.90909091E-01
  5.95454545E-01
  6.00000000E-01
  6.04545455E-01
  6.09090909E-01
  6.13636364E-01
  6.18181818E-01
  6.22727273E-01
  6.27272727E-01
  6.31818182E-01
  6.36363636E-01
  6.40909091E-01
  6.45454545E-01
  6.50000000E-01
  6.54545455E-01
  6.59090909E-01
  6.63636364E-01
  6.68181818E-01
  6.72727273E-01
  6.77272727E-01
  6.81818182E-01
  6.86363636E-01
  6.90909091E-01
  6.95454545E-01
  7.00000000E-01
  7.04545455E-01
  7.09090909E-01
  7.13636364E-01
  7.18181818E-01
  7.22727273E-01
  7.27272727E-01
  7.31818182E-01
  7.36363636E-01
  7.40909091E-01
  7.45454545E-01
  7.50000000E-01
  7.54545455E-01
  7.59090909E-01
  7.63636364E-01
  7.68181818E-01
  7.72727273E-01
  7.77272727E-01
  7.81818182E-01
  7.86363636E-01
  7.90909091E-01
  7.95454545E-01
  8.00000000E-01
  8.04545455E-01
  8.09090909E-01
  8.13636364E-01
  8.18181818E-01
  8.22727273E-01
  8.27272727E-01
  8.31818182E-01
  8.36363636E-01
  8.40909091E-01
  8.45454545E-01
  8.50000000E-01
  8.54545455E-01
  8.59090909E-01
  8.63636364E-01
  8.68181818E-01
  8.72727273E-01
  8.77272727E-01
  8.81818182E-01
  8.86363636E-01
  8.90909091E-01
  8.95454545E-01
  9.00000000E-01
  9.04545455E-01
  9.09090909E-01
  9.13636364E-01
  9.18181818E-01
  9.22727273E-01
  9.27272727E-01
  9.31818182E-01
  9.36363636E-01
  9.40909091E-01
  9.45454545E-01
  9.50000000E-01
  9.54545455E-01
  9.59090909E-01
  9.63636364E-01
  9.68181818E-01
  9.72727273E-01
  9.77272727E-01
  9.81818182E-01
  9.86363636E-01
  9.90909091E-01
  9.95454545E-01
  1.00000000E+00
 -3.26337335E+05
 -3.26397779E+05
 -3.26235838E+05
 -3.25857578E+05
 -3.25269064E+05
 -3.24476363E+05
 -3.23485539E+05
 -3.22302658E+05
 -3.20933786E+05
 -3.19384987E+05
 -3.17662329E+05
 -3.15771875E+05
 -3.13719692E+05
 -3.11511845E+05
 -3.09154400E+05
 -3.06653422E+05
 -3.04014977E+05
 -3.01245129E+05
 -2.98349946E+05
 -2.95335491E+05
 -2.92207824E+05
 -2.88972866E+05
 -2.85636424E+05
 -2.82204297E+05
 -2.78682289E+05
 -2.75076199E+05
 -2.71391830E+05
 -2.67634983E+05
 -2.63811493E+05
 -2.59928002E+05
 -2.55991953E+05
 -2.52010825E+05
 -2.47992097E+05
 -2.43943248E+05
 -2.39871752E+05
 -2.35784705E+05
 -2.31688599E+05
 -2.27589869E+05
 -2.23494951E+05
 -2.19410282E+05
 -2.15342166E+05
 -2.11296521E+05
 -2.07279199E+05
 -2.03296051E+05
 -1.99352905E+05
 -1.95455118E+05
 -1.91607599E+05
 -1.87815237E+05
 -1.84082914E+05
 -1.80415156E+05
 -1.76815985E+05
 -1.73289384E+05
 -1.69839311E+05
 -1.66469265E+05
 -1.63182341E+05
 -1.59981623E+05
 -1.56870055E+05
 -1.53850029E+05
 -1.50923796E+05
 -1.48093573E+05
 -1.45361145E+05
 -1.42728014E+05
 -1.40195665E+05
 -1.37765259E+05
 -1.35437642E+05
 -1.33213635E+05
 -1.31093776E+05
 -1.29078330E+05
 -1.27167528E+05
 -1.25361325E+05
 -1.23659482E+05
 -1.22061710E+05
 -1.20567446E+05
 -1.19176032E+05
 -1.17886704E+05
 -1.16698487E+05
 -1.15610368E+05
 -1.14621171E+05
 -1.13729622E+05
 -1.12934381E+05
 -1.12233974E+05
 -1.11626892E+05
 -1.11111523E+05
 -1.10686207E+05
 -1.10349226E+05
 -1.10098806E+05
 -1.09933143E+05
 -1.09850386E+05
 -1.09848666E+05
 -1.09926084E+05
 -1.10080732E+05
 -1.10310685E+05
 -1.10614019E+05
 -1.10988807E+05
 -1.11433127E+05
 -1.11945070E+05
 -1.12522734E+05
 -1.13164243E+05
 -1.13867734E+05
 -1.14631374E+05
 -1.15453353E+05
 -1.16331897E+05
 -1.17265254E+05
 -1.18251718E+05
 -1.19289609E+05
 -1.20377292E+05
 -1.21513167E+05
 -1.22695673E+05
 -1.23923292E+05
 -1.25194545E+05
 -1.26507996E+05
 -1.27862246E+05
 -1.29255945E+05
 -1.30687776E+05
 -1.32156465E+05
 -1.33660779E+05
 -1.35199518E+05
 -1.36771526E+05
 -1.38375677E+05
 -1.40010880E+05
 -1.41676080E+05
 -1.43370246E+05
 -1.45092380E+05
 -1.46841507E+05
 -1.48616675E+05
 -1.50416953E+05
 -1.52241426E+05
 -1.54089192E+05
 -1.55959359E+05
 -1.57851040E+05
 -1.59763350E+05
 -1.61695400E+05
 -1.63646290E+05
 -1.65615109E+05
 -1.67600920E+05
 -1.69602760E+05
 -1.71619633E+05
 -1.73650494E+05
 -1.75694246E+05
 -1.77749730E+05
 -1.79815709E+05
 -1.81890857E+05
 -1.83973746E+05
 -1.86062829E+05
 -1.88156424E+05
 -1.90252689E+05
 -1.92349603E+05
 -1.94444938E+05
 -1.96536239E+05
 -1.98620781E+05
 -2.00695535E+05
 -2.02757127E+05
 -2.04801797E+05
 -2.06825346E+05
 -2.08823068E+05
 -2.10789685E+05
 -2.12719271E+05
 -2.14605173E+05
 -2.16439899E+05
 -2.18215018E+05
 -2.19921038E+05
 -2.21547143E+05
 -2.23081511E+05
 -2.24509622E+05
 -2.25819855E+05
 -2.27012223E+05
 -2.28093551E+05
 -2.29068982E+05
 -2.29942549E+05
 -2.30717224E+05
 -2.31394800E+05
 -2.31975914E+05
 -2.32459986E+05
 -2.32845162E+05
 -2.33128245E+05
 -2.33304582E+05
 -2.33367964E+05
 -2.33310465E+05
 -2.33122281E+05
 -2.32791517E+05
 -2.32303950E+05
 -2.31642740E+05
 -2.30788099E+05
 -2.29716902E+05
 -2.28402229E+05
 -2.26812842E+05
 -2.24912564E+05
 -2.22659572E+05
 -2.20005563E+05
 -2.16894792E+05
 -2.13262956E+05
 -2.09035897E+05
 -2.04128092E+05
 -1.98440908E+05
 -1.91860547E+05
 -1.84255771E+05
 -1.75474820E+05
 -1.65343447E+05
 -1.53656649E+05
 -1.40190817E+05
 -1.24666801E+05
 -1.07427330E+05
 -8.95246852E+04
 -7.21208672E+04
 -5.64122182E+04
 -4.36646484E+04
 -3.52368115E+04
 -3.26073339E+04
 -3.74087736E+04
 -5.14495100E+04
 -7.68105211E+04
 -1.15705291E+05
 -1.72266786E+05
 -2.55167948E+05
 -3.97910915E+05
 -5.98210594E+05
 -7.40642910E+05
 -6.82309836E+05
 -4.37277261E+05
 -3.16004248E+05
 -1.66340302E+05
  7.15991855E+05
  7.16001891E+05
  7.15972772E+05
  7.15991507E+05
  7.16013111E+05
  7.16011212E+05
  7.15970192E+05
  7.15880982E+05
  7.15738893E+05
  7.15541957E+05
  7.15289925E+05
  7.14983494E+05
  7.14623820E+05
  7.14212654E+05
  7.13752005E+05
  7.13243999E+05
  7.12690738E+05
  7.12094095E+05
  7.11456098E+05
  7.10778774E+05
  7.10064330E+05
  7.09315699E+05
  7.08534455E+05
  7.07722091E+05
  7.06880110E+05
  7.06009964E+05
  7.05113048E+05
  7.04190497E+05
  7.03242483E+05
  7.02264718E+05
  7.01258131E+05
  7.00224537E+05
  6.99165482E+05
  6.98082393E+05
  6.96976564E+05
  6.95846155E+05
  6.94691405E+05
  6.93513438E+05
  6.92313214E+05
  6.91091735E+05
  6.89847930E+05
  6.88581456E+05
  6.87293281E+05
  6.85984203E+05
  6.84653858E+05
  6.83296483E+05
  6.81911916E+05
  6.80500952E+05
  6.79064072E+05
  6.77600110E+05
  6.76109270E+05
  6.74592209E+05
  6.73052317E+05
  6.71503565E+05
  6.69947804E+05
  6.68385054E+05
  6.66801996E+05
  6.65185557E+05
  6.63536048E+05
  6.61854861E+05
  6.60145881E+05
  6.58409444E+05
  6.56642923E+05
  6.54831130E+05
  6.52971860E+05
  6.51068146E+05
  6.49136314E+05
  6.47178709E+05
  6.45187261E+05
  6.43134383E+05
  6.41017917E+05
  6.38855760E+05
  6.36674261E+05
  6.34471799E+05
  6.32223334E+05
  6.29918414E+05
  6.27567524E+05
  6.25202155E+05
  6.22821827E+05
  6.20384753E+05
  6.17872073E+05
  6.15293092E+05
  6.12665187E+05
  6.09984573E+05
  6.07231354E+05
  6.04401417E+05
  6.01491050E+05
  5.98498074E+05
  5.95420361E+05
  5.92255851E+05
  5.89001193E+05
  5.85651795E+05
  5.82212844E+05
  5.78696914E+05
  5.75083156E+05
  5.71322192E+05
  5.67423020E+05
  5.63417402E+05
  5.59326280E+05
  5.55198736E+05
  5.51054668E+05
  5.46927947E+05
  5.42884024E+05
  5.38999698E+05
  5.35235425E+05
  5.31567738E+05
  5.28035425E+05
  5.24660708E+05
  5.21485937E+05
  5.18510736E+05
  5.15710621E+05
  5.13127219E+05
  5.10802156E+05
  5.08704114E+05
  5.06834534E+05
  5.05228913E+05
  5.03939539E+05
  5.03019433E+05
  5.02393508E+05
  5.02044922E+05
  5.01993414E+05
  5.02517379E+05
  5.03736824E+05
  5.05404153E+05
  5.07466262E+05
  5.09867670E+05
  5.12420688E+05
  5.15191021E+05
  5.18259124E+05
  5.21479097E+05
  5.24910196E+05
  5.28601934E+05
  5.32421054E+05
  5.35916744E+05
  5.38685083E+05
  5.40342349E+05
  5.40748738E+05
  5.40092690E+05
  5.38730556E+05
  5.36788124E+05
  5.34215518E+05
  5.30854926E+05
  5.26439367E+05
  5.20925432E+05
  5.14584166E+05
  5.07795710E+05
  5.00947240E+05
  4.93947183E+05
  4.86741123E+05
  4.79351220E+05
  4.71822437E+05
  4.64114793E+05
  4.56248066E+05
  4.48288844E+05
  4.40482887E+05
  4.33126846E+05
  4.26146226E+05
  4.19366147E+05
  4.12484453E+05
  4.05595189E+05
  3.98859018E+05
  3.92217901E+05
  3.85655082E+05
  3.79127141E+05
  3.72688649E+05
  3.66187596E+05
  3.59712698E+05
  3.53397974E+05
  3.47129547E+05
  3.40871858E+05
  3.34672884E+05
  3.28508260E+05
  3.22396992E+05
  3.16313798E+05
  3.10321409E+05
  3.04309313E+05
  2.98385876E+05
  2.92680052E+05
  2.87044735E+05
  2.81502089E+05
  2.76096313E+05
  2.70812232E+05
  2.65685129E+05
  2.60728979E+05
  2.55980901E+05
  2.51340841E+05
  2.46597042E+05
  2.41814561E+05
  2.36961161E+05
  2.32073404E+05
  2.27150824E+05
  2.22268325E+05
  2.17441205E+05
  2.12791640E+05
  2.08344809E+05
  2.04232228E+05
  2.00515228E+05
  1.97251281E+05
  1.94555448E+05
  1.92560596E+05
  1.91438842E+05
  1.91379751E+05
  1.92579745E+05
  1.95057331E+05
  1.98868248E+05
  2.04200882E+05
  2.10215597E+05
  2.15860265E+05
  2.20734240E+05
  2.22898093E+05
  2.21040333E+05
  2.10786903E+05
  2.10396959E+05
  2.65443156E+05
  3.45486275E+05
  3.93651539E+05
  3.98523749E+05
  3.37890278E+05
  2.16258205E+05
  1.41831886E+05
  8.07699875E+04
