    0.74459865E+00
   -0.94091421E-02
    0.13104599E-02
  300
    0.16993524E+01   -0.94091421E-02
    0.16996218E+01    0.29300885E-02
    0.16997363E+01    0.15285037E-01
    0.16996877E+01    0.27656369E-01
    0.16994666E+01    0.40043992E-01
    0.16990638E+01    0.52447094E-01
    0.16984701E+01    0.64864122E-01
    0.16976759E+01    0.77292759E-01
    0.16966735E+01    0.89730235E-01
    0.16954598E+01    0.10217401E+00
    0.16940362E+01    0.11462233E+00
    0.16924038E+01    0.12707349E+00
    0.16905634E+01    0.13952591E+00
    0.16885160E+01    0.15197813E+00
    0.16862622E+01    0.16442878E+00
    0.16838040E+01    0.17687701E+00
    0.16811444E+01    0.18932264E+00
    0.16782873E+01    0.20176607E+00
    0.16752353E+01    0.21420782E+00
    0.16719894E+01    0.22664797E+00
    0.16685497E+01    0.23908643E+00
    0.16649162E+01    0.25152326E+00
    0.16610885E+01    0.26395847E+00
    0.16570642E+01    0.27639116E+00
    0.16528402E+01    0.28881988E+00
    0.16484131E+01    0.30124297E+00
    0.16437788E+01    0.31365814E+00
    0.16389381E+01    0.32606590E+00
    0.16338970E+01    0.33847066E+00
    0.16286646E+01    0.35087973E+00
    0.16232487E+01    0.36330127E+00
    0.16176547E+01    0.37574272E+00
    0.16118851E+01    0.38821068E+00
    0.16059415E+01    0.40071175E+00
    0.15998239E+01    0.41325211E+00
    0.15935287E+01    0.42583555E+00
    0.15870498E+01    0.43846375E+00
    0.15803809E+01    0.45113823E+00
    0.15735124E+01    0.46385707E+00
    0.15664333E+01    0.47661629E+00
    0.15591325E+01    0.48941095E+00
    0.15515987E+01    0.50223495E+00
    0.15438203E+01    0.51508080E+00
    0.15357885E+01    0.52794321E+00
    0.15274968E+01    0.54081937E+00
    0.15189405E+01    0.55370862E+00
    0.15101206E+01    0.56661872E+00
    0.15010385E+01    0.57955986E+00
    0.14916915E+01    0.59253793E+00
    0.14820726E+01    0.60555297E+00
    0.14721746E+01    0.61860492E+00
    0.14619891E+01    0.63169222E+00
    0.14515072E+01    0.64481167E+00
    0.14407210E+01    0.65796263E+00
    0.14296262E+01    0.67115168E+00
    0.14182191E+01    0.68438962E+00
    0.14064917E+01    0.69767985E+00
    0.13944359E+01    0.71102681E+00
    0.13820449E+01    0.72444083E+00
    0.13693116E+01    0.73793443E+00
    0.13562265E+01    0.75151772E+00
    0.13427787E+01    0.76520011E+00
    0.13289523E+01    0.77897698E+00
    0.13147309E+01    0.79284192E+00
    0.13001013E+01    0.80680109E+00
    0.12850503E+01    0.82086559E+00
    0.12695609E+01    0.83503367E+00
    0.12536148E+01    0.84929878E+00
    0.12371952E+01    0.86366403E+00
    0.12202880E+01    0.87816310E+00
    0.12028772E+01    0.89284297E+00
    0.11849392E+01    0.90771828E+00
    0.11664475E+01    0.92278627E+00
    0.11473757E+01    0.93806064E+00
    0.11276953E+01    0.95355478E+00
    0.11073755E+01    0.96930444E+00
    0.10863803E+01    0.98539385E+00
    0.10646667E+01    0.10018720E+01
    0.10421856E+01    0.10188037E+01
    0.10188827E+01    0.10362298E+01
    0.99470384E+00    0.10541454E+01
    0.96959317E+00    0.10725466E+01
    0.94349268E+00    0.10914321E+01
    0.91635023E+00    0.11107548E+01
    0.88812828E+00    0.11304013E+01
    0.85882191E+00    0.11501423E+01
    0.82848519E+00    0.11695759E+01
    0.79725443E+00    0.11881139E+01
    0.76538176E+00    0.12049407E+01
    0.73322498E+00    0.12191349E+01
    0.70125248E+00    0.12296990E+01
    0.66999720E+00    0.12357230E+01
    0.63993738E+00    0.12366816E+01
    0.61143780E+00    0.12324754E+01
    0.58472495E+00    0.12233738E+01
    0.55988201E+00    0.12099278E+01
    0.53688654E+00    0.11928171E+01
    0.51566919E+00    0.11726978E+01
    0.49610134E+00    0.11502272E+01
    0.47804606E+00    0.11259679E+01
    0.46136959E+00    0.11003858E+01
    0.44594639E+00    0.10738596E+01
    0.43166252E+00    0.10466915E+01
    0.41841446E+00    0.10191225E+01
    0.40611185E+00    0.99133932E+00
    0.39467561E+00    0.96348643E+00
    0.38403651E+00    0.93567478E+00
    0.37413293E+00    0.90799034E+00
    0.36490935E+00    0.88049981E+00
    0.35631774E+00    0.85325200E+00
    0.34831764E+00    0.82628065E+00
    0.34086753E+00    0.79961588E+00
    0.33392770E+00    0.77328151E+00
    0.32745986E+00    0.74729628E+00
    0.32142838E+00    0.72167323E+00
    0.31580486E+00    0.69641645E+00
    0.31056588E+00    0.67152444E+00
    0.30568181E+00    0.64700018E+00
    0.30112114E+00    0.62284664E+00
    0.29686335E+00    0.59905691E+00
    0.29289195E+00    0.57562102E+00
    0.28919064E+00    0.55252906E+00
    0.28574170E+00    0.52977227E+00
    0.28252698E+00    0.50734203E+00
    0.27953227E+00    0.48522718E+00
    0.27674640E+00    0.46341505E+00
    0.27415898E+00    0.44189297E+00
    0.27175712E+00    0.42064998E+00
    0.26951958E+00    0.39967924E+00
    0.26742247E+00    0.37897431E+00
    0.26544809E+00    0.35852492E+00
    0.26359759E+00    0.33831253E+00
    0.26188261E+00    0.31831584E+00
    0.26030670E+00    0.29851863E+00
    0.25886191E+00    0.27890980E+00
    0.25753763E+00    0.25947920E+00
    0.25632443E+00    0.24021609E+00
    0.25521412E+00    0.22110926E+00
    0.25420074E+00    0.20214688E+00
    0.25327974E+00    0.18331684E+00
    0.25244749E+00    0.16460702E+00
    0.25170166E+00    0.14600521E+00
    0.25104167E+00    0.12749915E+00
    0.25046861E+00    0.10907672E+00
    0.24998474E+00    0.90726035E-01
    0.24959373E+00    0.72435587E-01
    0.24929336E+00    0.54194834E-01
    0.24907529E+00    0.35993553E-01
    0.24893109E+00    0.17820973E-01
    0.24885302E+00   -0.33428900E-03
    0.24883556E+00   -0.18484179E-01
    0.24887981E+00   -0.36640874E-01
    0.24898932E+00   -0.54816358E-01
    0.24916802E+00   -0.73022354E-01
    0.24942062E+00   -0.91270291E-01
    0.24975302E+00   -0.10957122E+00
    0.25017245E+00   -0.12793571E+00
    0.25068141E+00   -0.14637469E+00
    0.25127542E+00   -0.16490045E+00
    0.25195034E+00   -0.18352589E+00
    0.25270298E+00   -0.20226449E+00
    0.25353324E+00   -0.22112969E+00
    0.25444778E+00   -0.24013361E+00
    0.25545639E+00   -0.25928745E+00
    0.25657005E+00   -0.27860178E+00
    0.25779975E+00   -0.29808683E+00
    0.25915021E+00   -0.31775478E+00
    0.26062330E+00   -0.33761930E+00
    0.26222241E+00   -0.35769409E+00
    0.26395136E+00   -0.37799332E+00
    0.26580258E+00   -0.39853706E+00
    0.26776290E+00   -0.41935000E+00
    0.26983348E+00   -0.44045223E+00
    0.27204209E+00   -0.46185081E+00
    0.27442154E+00   -0.48354859E+00
    0.27699975E+00   -0.50554931E+00
    0.27978165E+00   -0.52786955E+00
    0.28276693E+00   -0.55053055E+00
    0.28595786E+00   -0.57355379E+00
    0.28936434E+00   -0.59695723E+00
    0.29300565E+00   -0.62075298E+00
    0.29690114E+00   -0.64495323E+00
    0.30106995E+00   -0.66957049E+00
    0.30553270E+00   -0.69461637E+00
    0.31031378E+00   -0.72009940E+00
    0.31544081E+00   -0.74602492E+00
    0.32093130E+00   -0.77240735E+00
    0.32679647E+00   -0.79926859E+00
    0.33305605E+00   -0.82662399E+00
    0.33974454E+00   -0.85447404E+00
    0.34689424E+00   -0.88282046E+00
    0.35452697E+00   -0.91167667E+00
    0.36266854E+00   -0.94105247E+00
    0.37134843E+00   -0.97095375E+00
    0.38059756E+00   -0.10013848E+01
    0.39044849E+00   -0.10323475E+01
    0.40093881E+00   -0.10638364E+01
    0.41210628E+00   -0.10958442E+01
    0.42398441E+00   -0.11283691E+01
    0.43660805E+00   -0.11614069E+01
    0.45001677E+00   -0.11949442E+01
    0.46423817E+00   -0.12289882E+01
    0.47928139E+00   -0.12635851E+01
    0.49518053E+00   -0.12987400E+01
    0.51208514E+00   -0.13342053E+01
    0.53039937E+00   -0.13690822E+01
    0.55098298E+00   -0.14011260E+01
    0.57524371E+00   -0.14260830E+01
    0.60522768E+00   -0.14367852E+01
    0.64256104E+00   -0.14253500E+01
    0.68502845E+00   -0.13940639E+01
    0.72819058E+00   -0.13538612E+01
    0.76940571E+00   -0.13127153E+01
    0.80775633E+00   -0.12744373E+01
    0.84333593E+00   -0.12397415E+01
    0.87648877E+00   -0.12083439E+01
    0.90755348E+00   -0.11798048E+01
    0.93683433E+00   -0.11536157E+01
    0.96457989E+00   -0.11293161E+01
    0.99098967E+00   -0.11064931E+01
    0.10162053E+01   -0.10849475E+01
    0.10403476E+01   -0.10644922E+01
    0.10635213E+01   -0.10448980E+01
    0.10858070E+01   -0.10260311E+01
    0.11072723E+01   -0.10077721E+01
    0.11279742E+01   -0.99006771E+00
    0.11479650E+01   -0.97289634E+00
    0.11672920E+01   -0.95620226E+00
    0.11859914E+01   -0.93986191E+00
    0.12040920E+01   -0.92379162E+00
    0.12216205E+01   -0.90795563E+00
    0.12386003E+01   -0.89232210E+00
    0.12550562E+01   -0.87688964E+00
    0.12710157E+01   -0.86167449E+00
    0.12864996E+01   -0.84665810E+00
    0.13015231E+01   -0.83180581E+00
    0.13160917E+01   -0.81705916E+00
    0.13302179E+01   -0.80240546E+00
    0.13439243E+01   -0.78787221E+00
    0.13572259E+01   -0.77345633E+00
    0.13701340E+01   -0.75914598E+00
    0.13826576E+01   -0.74492734E+00
    0.13948043E+01   -0.73078644E+00
    0.14065846E+01   -0.71672161E+00
    0.14180124E+01   -0.70273888E+00
    0.14290936E+01   -0.68882698E+00
    0.14398309E+01   -0.67497091E+00
    0.14502324E+01   -0.66116973E+00
    0.14603087E+01   -0.64742784E+00
    0.14700707E+01   -0.63374961E+00
    0.14795310E+01   -0.62014179E+00
    0.14887028E+01   -0.60661158E+00
    0.14975977E+01   -0.59316215E+00
    0.15062239E+01   -0.57979174E+00
    0.15145877E+01   -0.56649594E+00
    0.15226919E+01   -0.55326684E+00
    0.15305378E+01   -0.54009567E+00
    0.15381313E+01   -0.52698089E+00
    0.15454820E+01   -0.51392565E+00
    0.15526005E+01   -0.50093369E+00
    0.15594994E+01   -0.48801017E+00
    0.15661924E+01   -0.47516046E+00
    0.15726915E+01   -0.46238741E+00
    0.15790065E+01   -0.44969067E+00
    0.15851458E+01   -0.43706860E+00
    0.15911166E+01   -0.42451818E+00
    0.15969209E+01   -0.41203235E+00
    0.16025593E+01   -0.39960335E+00
    0.16080319E+01   -0.38722395E+00
    0.16133364E+01   -0.37488599E+00
    0.16184692E+01   -0.36258128E+00
    0.16234254E+01   -0.35030198E+00
    0.16282025E+01   -0.33804269E+00
    0.16328051E+01   -0.32580317E+00
    0.16372429E+01   -0.31358607E+00
    0.16415255E+01   -0.30139307E+00
    0.16456620E+01   -0.28922511E+00
    0.16496596E+01   -0.27708142E+00
    0.16535225E+01   -0.26495958E+00
    0.16572545E+01   -0.25285680E+00
    0.16608598E+01   -0.24077033E+00
    0.16643344E+01   -0.22869423E+00
    0.16676638E+01   -0.21661913E+00
    0.16708272E+01   -0.20453511E+00
    0.16738103E+01   -0.19243654E+00
    0.16766200E+01   -0.18032559E+00
    0.16792730E+01   -0.16820666E+00
    0.16817874E+01   -0.15608303E+00
    0.16841788E+01   -0.14395595E+00
    0.16864545E+01   -0.13182351E+00
    0.16885971E+01   -0.11967868E+00
    0.16905840E+01   -0.10751505E+00
    0.16923931E+01   -0.95328301E-01
    0.16940028E+01   -0.83116153E-01
    0.16953947E+01   -0.70878440E-01
    0.16965712E+01   -0.58618326E-01
    0.16975439E+01   -0.46339326E-01
    0.16983242E+01   -0.34043941E-01
    0.16989233E+01   -0.21733692E-01
    0.16993524E+01   -0.94091421E-02
 221    4
    2    1
  0.00000000E+00
  2.87742136E-03
  5.75497911E-03
  8.63280637E-03
  1.15110298E-02
  1.43897668E-02
  1.72691231E-02
  2.01491919E-02
  2.30300539E-02
  2.59117795E-02
  2.87944319E-02
  3.16780713E-02
  3.45627591E-02
  3.74485619E-02
  4.03355540E-02
  4.32238178E-02
  4.61134441E-02
  4.90045295E-02
  5.18971743E-02
  5.47914798E-02
  5.76875451E-02
  6.05854656E-02
  6.34853326E-02
  6.63872324E-02
  6.92912474E-02
  7.21974555E-02
  7.51059317E-02
  7.80167491E-02
  8.09299797E-02
  8.38456947E-02
  8.67639647E-02
  8.96848588E-02
  9.26084451E-02
  9.55347910E-02
  9.84639626E-02
  1.01396025E-01
  1.04331040E-01
  1.07269071E-01
  1.10210178E-01
  1.13154421E-01
  1.16101859E-01
  1.19052549E-01
  1.22006548E-01
  1.24963911E-01
  1.27924692E-01
  1.30888947E-01
  1.33856730E-01
  1.36828092E-01
  1.39803085E-01
  1.42781761E-01
  1.45764171E-01
  1.48750367E-01
  1.51740398E-01
  1.54734316E-01
  1.57732171E-01
  1.60734013E-01
  1.63739893E-01
  1.66749863E-01
  1.69763972E-01
  1.72782271E-01
  1.75804814E-01
  1.78831652E-01
  1.81862839E-01
  1.84898429E-01
  1.87938477E-01
  1.90983037E-01
  1.94032167E-01
  1.97085924E-01
  2.00144367E-01
  2.03207557E-01
  2.06275556E-01
  2.09348427E-01
  2.12426235E-01
  2.15509045E-01
  2.18596926E-01
  2.21689948E-01
  2.24788183E-01
  2.27891706E-01
  2.31000592E-01
  2.34114920E-01
  2.37234770E-01
  2.40360225E-01
  2.43491370E-01
  2.46628295E-01
  2.49771089E-01
  2.52919847E-01
  2.56074664E-01
  2.59235639E-01
  2.62402874E-01
  2.65576477E-01
  2.68756555E-01
  2.71943220E-01
  2.75136587E-01
  2.78336774E-01
  2.81543905E-01
  2.84758107E-01
  2.87979508E-01
  2.91208245E-01
  2.94444453E-01
  2.97688276E-01
  3.00939860E-01
  3.04199355E-01
  3.07466918E-01
  3.10742711E-01
  3.14026897E-01
  3.17319646E-01
  3.20621134E-01
  3.23931541E-01
  3.27251052E-01
  3.30579862E-01
  3.33918166E-01
  3.37266168E-01
  3.40624077E-01
  3.43992110E-01
  3.47370488E-01
  3.50759442E-01
  3.54159208E-01
  3.57570030E-01
  3.60992158E-01
  3.64425851E-01
  3.67871377E-01
  3.71329011E-01
  3.74799037E-01
  3.78281748E-01
  3.81777446E-01
  3.85286443E-01
  3.88809062E-01
  3.92345634E-01
  3.95896504E-01
  3.99462025E-01
  4.03042565E-01
  4.06638500E-01
  4.10250223E-01
  4.13878139E-01
  4.17522666E-01
  4.21184236E-01
  4.24863297E-01
  4.28560313E-01
  4.32275764E-01
  4.36010148E-01
  4.39763980E-01
  4.43537794E-01
  4.47332143E-01
  4.51147603E-01
  4.54984771E-01
  4.58844265E-01
  4.62726729E-01
  4.66632831E-01
  4.70563266E-01
  4.74518757E-01
  4.78500056E-01
  4.82507947E-01
  4.86543245E-01
  4.90606800E-01
  4.94699498E-01
  4.98822265E-01
  5.02976066E-01
  5.07161910E-01
  5.11380849E-01
  5.15633985E-01
  5.19922473E-01
  5.24247518E-01
  5.28610386E-01
  5.33012400E-01
  5.37454951E-01
  5.41939496E-01
  5.46467568E-01
  5.51040773E-01
  5.55660803E-01
  5.60329437E-01
  5.65048550E-01
  5.69820119E-01
  5.74646226E-01
  5.79529074E-01
  5.84470990E-01
  5.89474438E-01
  5.94542028E-01
  5.99676527E-01
  6.04880876E-01
  6.10158201E-01
  6.15511829E-01
  6.20945308E-01
  6.26462424E-01
  6.32067223E-01
  6.37764037E-01
  6.43557506E-01
  6.49452612E-01
  6.55454706E-01
  6.61569552E-01
  6.67803356E-01
  6.74162820E-01
  6.80655181E-01
  6.87288273E-01
  6.94070581E-01
  7.01011305E-01
  7.08120427E-01
  7.15408791E-01
  7.22888178E-01
  7.30571383E-01
  7.38472302E-01
  7.46605986E-01
  7.54988720E-01
  7.63638123E-01
  7.72573312E-01
  7.81815162E-01
  7.91386612E-01
  8.01313119E-01
  8.11623239E-01
  8.22349497E-01
  8.33529656E-01
  8.45208377E-01
  8.57440770E-01
  8.70293852E-01
  8.83817973E-01
  8.97992527E-01
  9.12742624E-01
  9.28039112E-01
  9.43983603E-01
  9.60853749E-01
  9.79122417E-01
  1.00000000E+00
 -5.99217041E-01
 -5.97715078E-01
 -5.96213043E-01
 -5.94710868E-01
 -5.93208486E-01
 -5.91705836E-01
 -5.90202862E-01
 -5.88699517E-01
 -5.87195758E-01
 -5.85691547E-01
 -5.84186854E-01
 -5.82681644E-01
 -5.81175888E-01
 -5.79669550E-01
 -5.78162591E-01
 -5.76654967E-01
 -5.75146633E-01
 -5.73637538E-01
 -5.72127628E-01
 -5.70616851E-01
 -5.66183246E-01
 -5.59398362E-01
 -5.52608920E-01
 -5.45814719E-01
 -5.39015565E-01
 -5.32211277E-01
 -5.25401679E-01
 -5.18586599E-01
 -5.11331732E-01
 -5.03636171E-01
 -4.95933867E-01
 -4.88224637E-01
 -4.80508301E-01
 -4.72784682E-01
 -4.64993768E-01
 -4.57067605E-01
 -4.49133458E-01
 -4.41191160E-01
 -4.33240547E-01
 -4.25300718E-01
 -4.17509694E-01
 -4.09710072E-01
 -4.01901706E-01
 -3.94084449E-01
 -3.86459693E-01
 -3.79013232E-01
 -3.71557911E-01
 -3.64093598E-01
 -3.56809667E-01
 -3.49841729E-01
 -3.42865056E-01
 -3.35879527E-01
 -3.29207945E-01
 -3.22789888E-01
 -3.16363392E-01
 -3.09928348E-01
 -3.04105686E-01
 -2.98275103E-01
 -2.92436502E-01
 -2.87008363E-01
 -2.81784999E-01
 -2.76554212E-01
 -2.71633651E-01
 -2.67013965E-01
 -2.62387494E-01
 -2.58062789E-01
 -2.54032414E-01
 -2.49995923E-01
 -2.46327342E-01
 -2.42864714E-01
 -2.39396651E-01
 -2.36418730E-01
 -2.33498338E-01
 -2.30700485E-01
 -2.28297729E-01
 -2.25890973E-01
 -2.23820658E-01
 -2.21901379E-01
 -2.20079681E-01
 -2.18616820E-01
 -2.17151367E-01
 -2.16038768E-01
 -2.14999995E-01
 -2.14159264E-01
 -2.13517291E-01
 -2.12962698E-01
 -2.12689204E-01
 -2.12427962E-01
 -2.12496258E-01
 -2.12564691E-01
 -2.12914667E-01
 -2.13300285E-01
 -2.13917504E-01
 -2.14596480E-01
 -2.15476011E-01
 -2.16426508E-01
 -2.17560840E-01
 -2.18762675E-01
 -2.20142245E-01
 -2.21576612E-01
 -2.23190447E-01
 -2.24840001E-01
 -2.26676277E-01
 -2.28543321E-01
 -2.30571861E-01
 -2.32650999E-01
 -2.34850684E-01
 -2.37128756E-01
 -2.39487812E-01
 -2.41952271E-01
 -2.44459963E-01
 -2.47097354E-01
 -2.49775759E-01
 -2.52542046E-01
 -2.55380502E-01
 -2.58267895E-01
 -2.61253893E-01
 -2.64281668E-01
 -2.67377729E-01
 -2.70540618E-01
 -2.73745756E-01
 -2.77023370E-01
 -2.80349766E-01
 -2.83718048E-01
 -2.87154195E-01
 -2.90629915E-01
 -2.94146988E-01
 -2.97721473E-01
 -3.01332552E-01
 -3.04981356E-01
 -3.08678621E-01
 -3.12410029E-01
 -3.16175231E-01
 -3.19978893E-01
 -3.23814841E-01
 -3.27680011E-01
 -3.31575474E-01
 -3.35497892E-01
 -3.39444658E-01
 -3.43415078E-01
 -3.47404859E-01
 -3.51411265E-01
 -3.55433794E-01
 -3.59470891E-01
 -3.63512768E-01
 -3.67558045E-01
 -3.71606856E-01
 -3.75656210E-01
 -3.79697070E-01
 -3.83715873E-01
 -3.87718475E-01
 -3.88430259E-01
 -3.79624523E-01
 -3.42735955E-01
 -3.21362128E-01
 -3.28008486E-01
 -3.47360110E-01
 -3.65154312E-01
 -3.82193617E-01
 -3.98458876E-01
 -4.13584599E-01
 -4.27602728E-01
 -4.40578691E-01
 -4.52563886E-01
 -4.63590923E-01
 -4.73811798E-01
 -4.82817145E-01
 -4.90544401E-01
 -4.97196099E-01
 -5.02792219E-01
 -4.99908068E-01
 -4.82804845E-01
 -4.59965480E-01
 -4.49790869E-01
 -4.50344186E-01
 -4.50689585E-01
 -4.50799930E-01
 -4.50676998E-01
 -4.50301426E-01
 -4.49649927E-01
 -4.48694672E-01
 -4.47402838E-01
 -4.45735926E-01
 -4.43648910E-01
 -4.41089438E-01
 -4.37996791E-01
 -4.34300640E-01
 -4.29919689E-01
 -4.24760090E-01
 -4.18713557E-01
 -4.11655225E-01
 -4.03441168E-01
 -3.93905512E-01
 -3.82857077E-01
 -3.70075502E-01
 -3.55306749E-01
 -3.38257849E-01
 -3.18590833E-01
 -2.95915646E-01
 -2.69800559E-01
 -2.40054213E-01
 -2.07337579E-01
 -1.73310986E-01
 -1.40121606E-01
 -1.10443674E-01
 -8.66864204E-02
 -7.13611074E-02
 -6.72899756E-02
 -7.75800386E-02
 -1.05690544E-01
 -1.55533803E-01
 -2.32115743E-01
 -3.44318647E-01
 -5.16091994E-01
 -7.92102451E-01
 -1.12106094E+00
 -1.31876089E+00
 -1.21983584E+00
 -9.13558129E-01
 -5.77123417E-01
 -3.88791779E-01
  1.61231791E+00
  1.59565659E+00
  1.59538524E+00
  1.59505041E+00
  1.59465209E+00
  1.59419029E+00
  1.59366498E+00
  1.59307658E+00
  1.59242550E+00
  1.59171183E+00
  1.59093622E+00
  1.59009907E+00
  1.58920142E+00
  1.58824378E+00
  1.58722722E+00
  1.58615243E+00
  1.58502054E+00
  1.58383278E+00
  1.58259030E+00
  1.58129413E+00
  1.57984554E+00
  1.57826996E+00
  1.57665031E+00
  1.57498764E+00
  1.57328325E+00
  1.57153819E+00
  1.56975346E+00
  1.56793066E+00
  1.56603813E+00
  1.56407796E+00
  1.56208433E+00
  1.56005893E+00
  1.55800336E+00
  1.55591917E+00
  1.55379619E+00
  1.55162247E+00
  1.54942472E+00
  1.54720439E+00
  1.54496283E+00
  1.54269866E+00
  1.54039314E+00
  1.53807030E+00
  1.53573124E+00
  1.53337726E+00
  1.53099891E+00
  1.52859797E+00
  1.52618507E+00
  1.52376124E+00
  1.52132052E+00
  1.51885852E+00
  1.51638798E+00
  1.51390962E+00
  1.51141350E+00
  1.50890217E+00
  1.50638464E+00
  1.50386113E+00
  1.50131216E+00
  1.49875791E+00
  1.49619866E+00
  1.49362041E+00
  1.49103026E+00
  1.48843534E+00
  1.48582412E+00
  1.48319686E+00
  1.48056466E+00
  1.47791499E+00
  1.47524802E+00
  1.47257547E+00
  1.46988062E+00
  1.46717028E+00
  1.46445315E+00
  1.46170493E+00
  1.45894593E+00
  1.45617207E+00
  1.45336831E+00
  1.45055524E+00
  1.44771245E+00
  1.44485020E+00
  1.44197019E+00
  1.43905510E+00
  1.43612733E+00
  1.43316118E+00
  1.43017541E+00
  1.42715959E+00
  1.42411290E+00
  1.42104224E+00
  1.41793067E+00
  1.41479983E+00
  1.41161924E+00
  1.40841881E+00
  1.40516937E+00
  1.40189492E+00
  1.39857272E+00
  1.39522056E+00
  1.39182053E+00
  1.38838706E+00
  1.38490402E+00
  1.38138554E+00
  1.37781431E+00
  1.37420697E+00
  1.37054278E+00
  1.36684299E+00
  1.36308023E+00
  1.35928011E+00
  1.35541726E+00
  1.35151078E+00
  1.34754588E+00
  1.34352876E+00
  1.33945799E+00
  1.33532560E+00
  1.33114523E+00
  1.32688986E+00
  1.32258368E+00
  1.31821258E+00
  1.31377844E+00
  1.30928736E+00
  1.30471722E+00
  1.30008808E+00
  1.29538937E+00
  1.29061799E+00
  1.28578229E+00
  1.28086491E+00
  1.27587688E+00
  1.27082009E+00
  1.26567186E+00
  1.26045152E+00
  1.25515667E+00
  1.24976571E+00
  1.24429730E+00
  1.23874921E+00
  1.23309911E+00
  1.22736471E+00
  1.22154361E+00
  1.21561967E+00
  1.20960020E+00
  1.20348625E+00
  1.19727103E+00
  1.19094420E+00
  1.18451550E+00
  1.17798194E+00
  1.17132981E+00
  1.16456109E+00
  1.15767829E+00
  1.15067802E+00
  1.14354573E+00
  1.13628406E+00
  1.12889393E+00
  1.12137153E+00
  1.11370792E+00
  1.10589298E+00
  1.09793294E+00
  1.08993909E+00
  1.08212858E+00
  1.07515395E+00
  1.06745807E+00
  1.05858901E+00
  1.04908330E+00
  1.03944525E+00
  1.02963969E+00
  1.01964730E+00
  1.00948639E+00
  9.99150638E-01
  9.88630613E-01
  9.77916772E-01
  9.67001969E-01
  9.55880039E-01
  9.44556677E-01
  9.33048079E-01
  9.21347189E-01
  9.09452727E-01
  8.97625765E-01
  8.86059774E-01
  8.74444501E-01
  8.62135878E-01
  8.49208452E-01
  8.36038378E-01
  8.22619195E-01
  8.08951839E-01
  7.95033164E-01
  7.80860294E-01
  7.66430821E-01
  7.51743095E-01
  7.36796723E-01
  7.21592630E-01
  7.06133581E-01
  6.90425071E-01
  6.74475777E-01
  6.58298220E-01
  6.41910138E-01
  6.25335933E-01
  6.08607476E-01
  5.91766633E-01
  5.74867816E-01
  5.57979768E-01
  5.41189867E-01
  5.24608431E-01
  5.08372402E-01
  4.92653244E-01
  4.77662541E-01
  4.63662343E-01
  4.50976078E-01
  4.40012899E-01
  4.31177373E-01
  4.24784256E-01
  4.21144761E-01
  4.20277540E-01
  4.22084906E-01
  4.26328581E-01
  4.32581013E-01
  4.40081354E-01
  4.48121974E-01
  4.56443866E-01
  4.95792250E-01
  6.41307654E-01
  8.45936915E-01
  9.75517256E-01
  9.31736420E-01
  7.89603834E-01
  4.50822842E-01
  2.63830457E-01
  1.18621369E-01
