#psi, P, q
0.000000000000000000e+00 1.352616109999999935e+04 1.199999999999999956e+00
7.812500000000000000e-03 1.335557589999999982e+04 1.230371230000000038e+00
1.562500000000000000e-02 1.320165790000000015e+04 1.227962739999999942e+00
2.343750000000000000e-02 1.306225499999999920e+04 1.234415349999999911e+00
3.125000000000000000e-02 1.293546839999999975e+04 1.241435379999999977e+00
3.906250000000000000e-02 1.281962210000000050e+04 1.249362429999999913e+00
4.687500000000000000e-02 1.271323710000000028e+04 1.257319679999999940e+00
5.468750000000000000e-02 1.261500829999999951e+04 1.265383520000000095e+00
6.250000000000000000e-02 1.252378390000000036e+04 1.272995450000000028e+00
7.031250000000000000e-02 1.243854739999999947e+04 1.280867720000000043e+00
7.812500000000000000e-02 1.235840170000000035e+04 1.288708559999999892e+00
8.593750000000000000e-02 1.228255539999999928e+04 1.296335269999999928e+00
9.375000000000000000e-02 1.221030980000000091e+04 1.304045129999999997e+00
1.015625000000000000e-01 1.214104850000000079e+04 1.311611279999999935e+00
1.093750000000000000e-01 1.207422739999999976e+04 1.319376770000000088e+00
1.171875000000000139e-01 1.200936650000000009e+04 1.326936109999999891e+00
1.250000000000000000e-01 1.194604210000000057e+04 1.334611949999999991e+00
1.328125000000000000e-01 1.188388040000000001e+04 1.342300969999999927e+00
1.406250000000000000e-01 1.182255149999999958e+04 1.350142439999999944e+00
1.484375000000000000e-01 1.176176419999999962e+04 1.357863349999999913e+00
1.562500000000000000e-01 1.170126180000000022e+04 1.365835939999999971e+00
1.640625000000000000e-01 1.164081760000000031e+04 1.373781389999999991e+00
1.718750000000000000e-01 1.158023159999999916e+04 1.381869720000000079e+00
1.796875000000000000e-01 1.151932730000000083e+04 1.390028339999999973e+00
1.875000000000000000e-01 1.145794930000000022e+04 1.398307949999999966e+00
1.953125000000000000e-01 1.139596010000000024e+04 1.406774149999999945e+00
2.031250000000000000e-01 1.133323869999999988e+04 1.415273769999999987e+00
2.109375000000000000e-01 1.126967820000000029e+04 1.424033670000000029e+00
2.187500000000000000e-01 1.120518469999999979e+04 1.432855290000000004e+00
2.265625000000000000e-01 1.113967499999999927e+04 1.441808769999999962e+00
2.343750000000000278e-01 1.107307610000000022e+04 1.451001200000000102e+00
2.421875000000000000e-01 1.100532359999999971e+04 1.460398319999999917e+00
2.500000000000000000e-01 1.093636080000000038e+04 1.469912729999999890e+00
2.578125000000000000e-01 1.086613780000000042e+04 1.479635430000000085e+00
2.656250000000000000e-01 1.079461080000000038e+04 1.489534460000000005e+00
2.734375000000000000e-01 1.072174150000000009e+04 1.499692690000000050e+00
2.812500000000000000e-01 1.064749610000000030e+04 1.510082589999999891e+00
2.890625000000000000e-01 1.057184519999999975e+04 1.520682270000000003e+00
2.968750000000000000e-01 1.049476310000000012e+04 1.531524619999999892e+00
3.046875000000000000e-01 1.041622750000000087e+04 1.542599569999999920e+00
3.125000000000000000e-01 1.033621910000000025e+04 1.553928650000000022e+00
3.203125000000000000e-01 1.025472140000000036e+04 1.565547140000000059e+00
3.281250000000000000e-01 1.017172030000000086e+04 1.577474189999999998e+00
3.359375000000000000e-01 1.008720390000000043e+04 1.589686200000000049e+00
3.437500000000000000e-01 1.000116250000000036e+04 1.602154560000000005e+00
3.515625000000000000e-01 9.913588060000000041e+03 1.614946849999999934e+00
3.593750000000000000e-01 9.824474570000000313e+03 1.628066819999999915e+00
3.671875000000000000e-01 9.733817580000000817e+03 1.641571260000000088e+00
3.750000000000000000e-01 9.641614260000000286e+03 1.655412050000000024e+00
3.828125000000000000e-01 9.547863380000000689e+03 1.669609190000000076e+00
3.906250000000000000e-01 9.452565230000000156e+03 1.684195880000000090e+00
3.984375000000000000e-01 9.355721690000000308e+03 1.699139399999999966e+00
4.062500000000000000e-01 9.257336180000000240e+03 1.714535860000000023e+00
4.140625000000000000e-01 9.157413800000000265e+03 1.730359549999999969e+00
4.218750000000000000e-01 9.055961349999999584e+03 1.746629669999999912e+00
4.296875000000000000e-01 8.952987460000000283e+03 1.763374210000000053e+00
4.375000000000000000e-01 8.848502710000000661e+03 1.780597669999999910e+00
4.453125000000000000e-01 8.742519809999999779e+03 1.798295179999999993e+00
4.531250000000000000e-01 8.635053799999999683e+03 1.816550939999999947e+00
4.609374999999999445e-01 8.526122279999999591e+03 1.835350950000000037e+00
4.687500000000000555e-01 8.415745670000000246e+03 1.854713119999999993e+00
4.765625000000000555e-01 8.303947560000000522e+03 1.874709490000000089e+00
4.843750000000000000e-01 8.190755060000000412e+03 1.895317289999999932e+00
4.921875000000000000e-01 8.076199209999999766e+03 1.916540729999999915e+00
5.000000000000000000e-01 7.960315510000000359e+03 1.938466489999999931e+00
5.078125000000000000e-01 7.843144440000000031e+03 1.961133000000000015e+00
5.156250000000000000e-01 7.724732079999999769e+03 1.984501400000000082e+00
5.234375000000000000e-01 7.605130879999999706e+03 2.008719329999999914e+00
5.312500000000000000e-01 7.484400450000000092e+03 2.033743460000000169e+00
5.390625000000000000e-01 7.362608479999999872e+03 2.059560550000000045e+00
5.468750000000000000e-01 7.239831830000000082e+03 2.086332440000000066e+00
5.546875000000000000e-01 7.116157330000000002e+03 2.114073040000000070e+00
5.625000000000000000e-01 6.991677099999999882e+03 2.142765690000000056e+00
5.703125000000000000e-01 6.866479879999999866e+03 2.172549370000000035e+00
5.781250000000000000e-01 6.740647979999999734e+03 2.203442780000000045e+00
5.859375000000000000e-01 6.614258439999999609e+03 2.235398410000000169e+00
5.937500000000000000e-01 6.487384200000000419e+03 2.268700860000000041e+00
6.015625000000000000e-01 6.360095309999999699e+03 2.303258710000000153e+00
6.093750000000000000e-01 6.232459960000000137e+03 2.339075479999999985e+00
6.171875000000000000e-01 6.104545579999999973e+03 2.376463170000000069e+00
6.250000000000000000e-01 5.976419899999999870e+03 2.415327809999999964e+00
6.328125000000000000e-01 5.848151990000000296e+03 2.455726160000000213e+00
6.406250000000000000e-01 5.719813360000000102e+03 2.497927219999999782e+00
6.484375000000000000e-01 5.591479040000000168e+03 2.541911709999999935e+00
6.562500000000000000e-01 5.463228830000000016e+03 2.587726360000000003e+00
6.640625000000000000e-01 5.335148460000000341e+03 2.635702820000000113e+00
6.718750000000000000e-01 5.207330979999999727e+03 2.685697760000000045e+00
6.796875000000000000e-01 5.079878240000000005e+03 2.738080520000000018e+00
6.875000000000000000e-01 4.952902399999999943e+03 2.793083750000000087e+00
6.953125000000000000e-01 4.826527769999999691e+03 2.850382339999999903e+00
7.031250000000000000e-01 4.700892729999999574e+03 2.910776439999999798e+00
7.109375000000000000e-01 4.576151850000000195e+03 2.974062379999999894e+00
7.187500000000000000e-01 4.452478379999999561e+03 3.040504030000000135e+00
7.265625000000000000e-01 4.330066899999999805e+03 3.110679730000000198e+00
7.343750000000000000e-01 4.209136410000000069e+03 3.184248049999999886e+00
7.421875000000000000e-01 4.089933709999999792e+03 3.262171640000000039e+00
7.500000000000000000e-01 3.972737320000000182e+03 3.344247300000000145e+00
7.578125000000000000e-01 3.857861769999999979e+03 3.430801910000000010e+00
7.656250000000000000e-01 3.745662589999999909e+03 3.522816919999999907e+00
7.734375000000000000e-01 3.636541799999999967e+03 3.619905639999999813e+00
7.812500000000000000e-01 3.530954279999999926e+03 3.723144089999999906e+00
7.890625000000000000e-01 3.429414800000000014e+03 3.832209849999999918e+00
7.968750000000000000e-01 3.332506159999999909e+03 3.948699219999999954e+00
8.046875000000000000e-01 3.240888230000000021e+03 4.072465410000000396e+00
8.125000000000000000e-01 3.155308340000000044e+03 4.204148439999999987e+00
8.203125000000000000e-01 3.076612920000000031e+03 4.344628519999999661e+00
8.281250000000000000e-01 3.005746110000000044e+03 4.494384840000000381e+00
8.359375000000000000e-01 2.943561349999999948e+03 4.654569490000000087e+00
8.437500000000000000e-01 2.890515620000000126e+03 4.825875400000000148e+00
8.515625000000000000e-01 2.846543439999999919e+03 5.009095300000000250e+00
8.593750000000000000e-01 2.811053170000000136e+03 5.205597390000000324e+00
8.671875000000000000e-01 2.782917800000000170e+03 5.416899439999999899e+00
8.750000000000000000e-01 2.760457269999999880e+03 5.644179049999999975e+00
8.828125000000000000e-01 2.741412229999999909e+03 5.888889820000000164e+00
8.906250000000000000e-01 2.722908660000000054e+03 6.154274509999999587e+00
8.984375000000001110e-01 2.701412929999999960e+03 6.441434499999999730e+00
9.062500000000000000e-01 2.672676489999999831e+03 6.754993220000000242e+00
9.140625000000000000e-01 2.631669420000000173e+03 7.099785970000000113e+00
9.218749999999998890e-01 2.572480419999999867e+03 7.484305329999999756e+00
9.296875000000000000e-01 2.487828349999999773e+03 7.909326880000000060e+00
9.375000000000001110e-01 2.367528749999999945e+03 8.351151220000000208e+00
9.453125000000000000e-01 2.192487020000000030e+03 8.763285070000000232e+00
9.531250000000001110e-01 1.935387030000000095e+03 9.135167429999999200e+00
9.609375000000000000e-01 1.588433600000000069e+03 9.512965400000000571e+00
9.687500000000000000e-01 1.189628699999999981e+03 9.966285219999999612e+00
9.765624999999998890e-01 8.225604799999999841e+02 1.057147390000000087e+01
9.843750000000000000e-01 5.549753080000000409e+02 1.141937120000000050e+01
9.921874999999998890e-01 3.657507739999999785e+02 1.266279729999999937e+01
1.000000000000000000e+00 2.357936239999999941e+02 1.676315430000000006e+01
