    0.74459865E+00
   -0.11770800E+00
    0.13104599E-02
  600
    0.16917116E+01   -0.10005180E+00
    0.16927755E+01   -0.92527520E-01
    0.16937634E+01   -0.84980895E-01
    0.16946717E+01   -0.77412765E-01
    0.16954989E+01   -0.69824023E-01
    0.16962448E+01   -0.62215538E-01
    0.16969112E+01   -0.54588068E-01
    0.16975004E+01   -0.46942247E-01
    0.16980151E+01   -0.39278565E-01
    0.16984580E+01   -0.31597384E-01
    0.16988319E+01   -0.23898946E-01
    0.16991395E+01   -0.16183385E-01
    0.16993827E+01   -0.84507710E-02
    0.16995633E+01   -0.70115213E-03
    0.16996818E+01    0.70653452E-02
    0.16997375E+01    0.14848447E-01
    0.16997289E+01    0.22647689E-01
    0.16996535E+01    0.30462419E-01
    0.16995087E+01    0.38291840E-01
    0.16992918E+01    0.46135021E-01
    0.16990000E+01    0.53990925E-01
    0.16986306E+01    0.61858419E-01
    0.16981812E+01    0.69736304E-01
    0.16976496E+01    0.77623365E-01
    0.16970342E+01    0.85518409E-01
    0.16963338E+01    0.93420353E-01
    0.16955481E+01    0.10132822E+00
    0.16946770E+01    0.10924115E+00
    0.16937207E+01    0.11715835E+00
    0.16926794E+01    0.12507905E+00
    0.16915534E+01    0.13300253E+00
    0.16903430E+01    0.14092803E+00
    0.16890484E+01    0.14885484E+00
    0.16876700E+01    0.15678228E+00
    0.16862082E+01    0.16470973E+00
    0.16846637E+01    0.17263666E+00
    0.16830371E+01    0.18056264E+00
    0.16813295E+01    0.18848733E+00
    0.16795417E+01    0.19641043E+00
    0.16776746E+01    0.20433166E+00
    0.16757289E+01    0.21225071E+00
    0.16737050E+01    0.22016725E+00
    0.16716034E+01    0.22808087E+00
    0.16694242E+01    0.23599117E+00
    0.16671677E+01    0.24389772E+00
    0.16648340E+01    0.25180003E+00
    0.16624230E+01    0.25969756E+00
    0.16599344E+01    0.26758966E+00
    0.16573677E+01    0.27547558E+00
    0.16547224E+01    0.28335446E+00
    0.16519979E+01    0.29122540E+00
    0.16491936E+01    0.29908750E+00
    0.16463093E+01    0.30693999E+00
    0.16433451E+01    0.31478249E+00
    0.16403022E+01    0.32261498E+00
    0.16371821E+01    0.33043801E+00
    0.16339870E+01    0.33825256E+00
    0.16307194E+01    0.34605993E+00
    0.16273817E+01    0.35386159E+00
    0.16239761E+01    0.36165899E+00
    0.16205046E+01    0.36945352E+00
    0.16169685E+01    0.37724643E+00
    0.16133693E+01    0.38503887E+00
    0.16097077E+01    0.39283187E+00
    0.16059845E+01    0.40062631E+00
    0.16021999E+01    0.40842290E+00
    0.15983539E+01    0.41622210E+00
    0.15944460E+01    0.42402410E+00
    0.15904756E+01    0.43182887E+00
    0.15864417E+01    0.43963612E+00
    0.15823431E+01    0.44744534E+00
    0.15781783E+01    0.45525570E+00
    0.15739456E+01    0.46306612E+00
    0.15696432E+01    0.47087527E+00
    0.15652691E+01    0.47868164E+00
    0.15608213E+01    0.48648358E+00
    0.15562980E+01    0.49427932E+00
    0.15516972E+01    0.50206708E+00
    0.15470172E+01    0.50984508E+00
    0.15422567E+01    0.51761181E+00
    0.15374146E+01    0.52536599E+00
    0.15324903E+01    0.53310679E+00
    0.15274836E+01    0.54083386E+00
    0.15223947E+01    0.54854738E+00
    0.15172245E+01    0.55624822E+00
    0.15119739E+01    0.56393760E+00
    0.15066440E+01    0.57161692E+00
    0.15012353E+01    0.57928729E+00
    0.14957483E+01    0.58694950E+00
    0.14901827E+01    0.59460381E+00
    0.14845381E+01    0.60225011E+00
    0.14788139E+01    0.60988805E+00
    0.14730093E+01    0.61751706E+00
    0.14671234E+01    0.62513649E+00
    0.14611554E+01    0.63274568E+00
    0.14551047E+01    0.64034411E+00
    0.14489707E+01    0.64793165E+00
    0.14427532E+01    0.65550858E+00
    0.14364524E+01    0.66307567E+00
    0.14300682E+01    0.67063393E+00
    0.14236009E+01    0.67818447E+00
    0.14170502E+01    0.68572817E+00
    0.14104160E+01    0.69326581E+00
    0.14036979E+01    0.70079822E+00
    0.13968959E+01    0.70832646E+00
    0.13900096E+01    0.71585188E+00
    0.13830391E+01    0.72337606E+00
    0.13759840E+01    0.73090066E+00
    0.13688442E+01    0.73842721E+00
    0.13616190E+01    0.74595702E+00
    0.13543076E+01    0.75349090E+00
    0.13469089E+01    0.76102917E+00
    0.13394215E+01    0.76857142E+00
    0.13318438E+01    0.77611710E+00
    0.13241744E+01    0.78366562E+00
    0.13164119E+01    0.79121694E+00
    0.13085553E+01    0.79877145E+00
    0.13006034E+01    0.80632975E+00
    0.12925550E+01    0.81389238E+00
    0.12844087E+01    0.82145928E+00
    0.12761629E+01    0.82903008E+00
    0.12678161E+01    0.83660425E+00
    0.12593668E+01    0.84418161E+00
    0.12508137E+01    0.85176310E+00
    0.12421559E+01    0.85935080E+00
    0.12333929E+01    0.86694852E+00
    0.12245239E+01    0.87456056E+00
    0.12155480E+01    0.88219160E+00
    0.12064641E+01    0.88984508E+00
    0.11972704E+01    0.89752320E+00
    0.11879645E+01    0.90522699E+00
    0.11785443E+01    0.91295665E+00
    0.11690072E+01    0.92071260E+00
    0.11593508E+01    0.92849548E+00
    0.11495728E+01    0.93630669E+00
    0.11396710E+01    0.94414828E+00
    0.11296430E+01    0.95202408E+00
    0.11194866E+01    0.95993904E+00
    0.11091996E+01    0.96790002E+00
    0.10987795E+01    0.97591459E+00
    0.10882233E+01    0.98398983E+00
    0.10775277E+01    0.99213251E+00
    0.10666892E+01    0.10003489E+01
    0.10557035E+01    0.10086448E+01
    0.10445664E+01    0.10170242E+01
    0.10332731E+01    0.10254903E+01
    0.10218186E+01    0.10340441E+01
    0.10101979E+01    0.10426855E+01
    0.99840570E+00    0.10514141E+01
    0.98643681E+00    0.10602292E+01
    0.97428593E+00    0.10691299E+01
    0.96194774E+00    0.10781153E+01
    0.94941692E+00    0.10871823E+01
    0.93668822E+00    0.10963268E+01
    0.92375662E+00    0.11055411E+01
    0.91061749E+00    0.11148145E+01
    0.89726686E+00    0.11241313E+01
    0.88370175E+00    0.11334701E+01
    0.86992046E+00    0.11428034E+01
    0.85592326E+00    0.11520945E+01
    0.84171249E+00    0.11613002E+01
    0.82729366E+00    0.11703653E+01
    0.81267531E+00    0.11792280E+01
    0.79787053E+00    0.11878120E+01
    0.78289641E+00    0.11960355E+01
    0.76777554E+00    0.12038035E+01
    0.75253534E+00    0.12110164E+01
    0.73720934E+00    0.12175645E+01
    0.72183650E+00    0.12233345E+01
    0.70646077E+00    0.12282130E+01
    0.69113079E+00    0.12320884E+01
    0.67589692E+00    0.12348639E+01
    0.66081127E+00    0.12364542E+01
    0.64592422E+00    0.12367976E+01
    0.63128434E+00    0.12358512E+01
    0.61693556E+00    0.12335979E+01
    0.60291701E+00    0.12300422E+01
    0.58926114E+00    0.12252122E+01
    0.57599399E+00    0.12191547E+01
    0.56313470E+00    0.12119334E+01
    0.55069631E+00    0.12036230E+01
    0.53868616E+00    0.11943067E+01
    0.52710667E+00    0.11840721E+01
    0.51595545E+00    0.11730101E+01
    0.50522615E+00    0.11612119E+01
    0.49490984E+00    0.11487656E+01
    0.48499518E+00    0.11357556E+01
    0.47546992E+00    0.11222595E+01
    0.46632062E+00    0.11083499E+01
    0.45753370E+00    0.10940921E+01
    0.44909528E+00    0.10795457E+01
    0.44099159E+00    0.10647641E+01
    0.43320913E+00    0.10497949E+01
    0.42573454E+00    0.10346812E+01
    0.41855525E+00    0.10194604E+01
    0.41165886E+00    0.10041660E+01
    0.40503391E+00    0.98882688E+00
    0.39866917E+00    0.97346893E+00
    0.39255422E+00    0.95811424E+00
    0.38667898E+00    0.94278254E+00
    0.38103393E+00    0.92749081E+00
    0.37560997E+00    0.91225396E+00
    0.37039847E+00    0.89708492E+00
    0.36539135E+00    0.88199462E+00
    0.36058091E+00    0.86699257E+00
    0.35595997E+00    0.85208668E+00
    0.35152152E+00    0.83728399E+00
    0.34725870E+00    0.82259075E+00
    0.34316467E+00    0.80801268E+00
    0.33923269E+00    0.79355491E+00
    0.33545611E+00    0.77922201E+00
    0.33182843E+00    0.76501795E+00
    0.32834346E+00    0.75094597E+00
    0.32499531E+00    0.73700862E+00
    0.32177860E+00    0.72320756E+00
    0.31868828E+00    0.70954387E+00
    0.31571960E+00    0.69601814E+00
    0.31286787E+00    0.68263078E+00
    0.31012819E+00    0.66938234E+00
    0.30749567E+00    0.65627329E+00
    0.30496542E+00    0.64330394E+00
    0.30253289E+00    0.63047414E+00
    0.30019411E+00    0.61778308E+00
    0.29794546E+00    0.60522952E+00
    0.29578377E+00    0.59281180E+00
    0.29370596E+00    0.58052817E+00
    0.29170907E+00    0.56837684E+00
    0.28979011E+00    0.55635609E+00
    0.28794605E+00    0.54446425E+00
    0.28617389E+00    0.53269965E+00
    0.28447074E+00    0.52106059E+00
    0.28283392E+00    0.50954515E+00
    0.28126099E+00    0.49815128E+00
    0.27974977E+00    0.48687676E+00
    0.27829823E+00    0.47571930E+00
    0.27690443E+00    0.46467660E+00
    0.27556643E+00    0.45374645E+00
    0.27428198E+00    0.44292692E+00
    0.27304871E+00    0.43221622E+00
    0.27186370E+00    0.42161298E+00
    0.27072387E+00    0.41111596E+00
    0.26962601E+00    0.40072394E+00
    0.26856699E+00    0.39043564E+00
    0.26754434E+00    0.38024929E+00
    0.26655603E+00    0.37016282E+00
    0.26560123E+00    0.36017342E+00
    0.26467969E+00    0.35027801E+00
    0.26379180E+00    0.34047322E+00
    0.26293822E+00    0.33075568E+00
    0.26211924E+00    0.32112241E+00
    0.26133492E+00    0.31157066E+00
    0.26058465E+00    0.30209821E+00
    0.25986744E+00    0.29270309E+00
    0.25918201E+00    0.28338356E+00
    0.25852692E+00    0.27413797E+00
    0.25790073E+00    0.26496469E+00
    0.25730206E+00    0.25586208E+00
    0.25672966E+00    0.24682845E+00
    0.25618238E+00    0.23786208E+00
    0.25565918E+00    0.22896121E+00
    0.25515919E+00    0.22012405E+00
    0.25468159E+00    0.21134881E+00
    0.25422567E+00    0.20263366E+00
    0.25379079E+00    0.19397682E+00
    0.25337636E+00    0.18537649E+00
    0.25298185E+00    0.17683089E+00
    0.25260680E+00    0.16833826E+00
    0.25225079E+00    0.15989685E+00
    0.25191351E+00    0.15150489E+00
    0.25159471E+00    0.14316067E+00
    0.25129422E+00    0.13486245E+00
    0.25101196E+00    0.12660852E+00
    0.25074791E+00    0.11839721E+00
    0.25050211E+00    0.11022684E+00
    0.25027466E+00    0.10209578E+00
    0.25006563E+00    0.94002445E-01
    0.24987507E+00    0.85945296E-01
    0.24970283E+00    0.77922880E-01
    0.24954857E+00    0.69933814E-01
    0.24941179E+00    0.61976768E-01
    0.24929172E+00    0.54050476E-01
    0.24918758E+00    0.46153673E-01
    0.24909851E+00    0.38285100E-01
    0.24902364E+00    0.30443484E-01
    0.24896217E+00    0.22627531E-01
    0.24891336E+00    0.14835928E-01
    0.24887656E+00    0.70673356E-02
    0.24885128E+00   -0.67961381E-03
    0.24883712E+00   -0.84063031E-02
    0.24883398E+00   -0.16114145E-01
    0.24884183E+00   -0.23804553E-01
    0.24886079E+00   -0.31478935E-01
    0.24889104E+00   -0.39138689E-01
    0.24893280E+00   -0.46785196E-01
    0.24898630E+00   -0.54419815E-01
    0.24905181E+00   -0.62043890E-01
    0.24912960E+00   -0.69658745E-01
    0.24921999E+00   -0.77265685E-01
    0.24932331E+00   -0.84865998E-01
    0.24943996E+00   -0.92460953E-01
    0.24957035E+00   -0.10005180E+00
    0.24971489E+00   -0.10763977E+00
    0.24987399E+00   -0.11522607E+00
    0.25004784E+00   -0.12281190E+00
    0.25023655E+00   -0.13039846E+00
    0.25044007E+00   -0.13798695E+00
    0.25065810E+00   -0.14557860E+00
    0.25089032E+00   -0.15317465E+00
    0.25113635E+00   -0.16077637E+00
    0.25139583E+00   -0.16838503E+00
    0.25166841E+00   -0.17600196E+00
    0.25195383E+00   -0.18362848E+00
    0.25225185E+00   -0.19126592E+00
    0.25256244E+00   -0.19891562E+00
    0.25288559E+00   -0.20657893E+00
    0.25322155E+00   -0.21425718E+00
    0.25357071E+00   -0.22195165E+00
    0.25393357E+00   -0.22966365E+00
    0.25431076E+00   -0.23739441E+00
    0.25470299E+00   -0.24514517E+00
    0.25511098E+00   -0.25291715E+00
    0.25553553E+00   -0.26071155E+00
    0.25597739E+00   -0.26852955E+00
    0.25643728E+00   -0.27637234E+00
    0.25691587E+00   -0.28424112E+00
    0.25741366E+00   -0.29213715E+00
    0.25793100E+00   -0.30006169E+00
    0.25846821E+00   -0.30801607E+00
    0.25902550E+00   -0.31600166E+00
    0.25960309E+00   -0.32401983E+00
    0.26020124E+00   -0.33207198E+00
    0.26082024E+00   -0.34015953E+00
    0.26146036E+00   -0.34828393E+00
    0.26212179E+00   -0.35644667E+00
    0.26280465E+00   -0.36464932E+00
    0.26350861E+00   -0.37289365E+00
    0.26423317E+00   -0.38118158E+00
    0.26497772E+00   -0.38951512E+00
    0.26574149E+00   -0.39789646E+00
    0.26652386E+00   -0.40632780E+00
    0.26732483E+00   -0.41481116E+00
    0.26814470E+00   -0.42334850E+00
    0.26898450E+00   -0.43194146E+00
    0.26984610E+00   -0.44059132E+00
    0.27073154E+00   -0.44929923E+00
    0.27164321E+00   -0.45806615E+00
    0.27258363E+00   -0.46689290E+00
    0.27355502E+00   -0.47578042E+00
    0.27455939E+00   -0.48472972E+00
    0.27559843E+00   -0.49374197E+00
    0.27667294E+00   -0.50281885E+00
    0.27778358E+00   -0.51196214E+00
    0.27893063E+00   -0.52117394E+00
    0.28011423E+00   -0.53045649E+00
    0.28133460E+00   -0.53981209E+00
    0.28259202E+00   -0.54924308E+00
    0.28388694E+00   -0.55875179E+00
    0.28522017E+00   -0.56834041E+00
    0.28659272E+00   -0.57801103E+00
    0.28800587E+00   -0.58776565E+00
    0.28946124E+00   -0.59760606E+00
    0.29096048E+00   -0.60753406E+00
    0.29250535E+00   -0.61755143E+00
    0.29409763E+00   -0.62765992E+00
    0.29573914E+00   -0.63786136E+00
    0.29743168E+00   -0.64815757E+00
    0.29917715E+00   -0.65855035E+00
    0.30097756E+00   -0.66904149E+00
    0.30283498E+00   -0.67963271E+00
    0.30475173E+00   -0.69032560E+00
    0.30673019E+00   -0.70112169E+00
    0.30877281E+00   -0.71202248E+00
    0.31088210E+00   -0.72302947E+00
    0.31306034E+00   -0.73414434E+00
    0.31530949E+00   -0.74536921E+00
    0.31763144E+00   -0.75670629E+00
    0.32002782E+00   -0.76815819E+00
    0.32250030E+00   -0.77972758E+00
    0.32505092E+00   -0.79141687E+00
    0.32768201E+00   -0.80322828E+00
    0.33039634E+00   -0.81516364E+00
    0.33319719E+00   -0.82722424E+00
    0.33608795E+00   -0.83941128E+00
    0.33907201E+00   -0.85172597E+00
    0.34215273E+00   -0.86416958E+00
    0.34533313E+00   -0.87674382E+00
    0.34861614E+00   -0.88945062E+00
    0.35200472E+00   -0.90229190E+00
    0.35550193E+00   -0.91526961E+00
    0.35911098E+00   -0.92838557E+00
    0.36283527E+00   -0.94164143E+00
    0.36667833E+00   -0.95503876E+00
    0.37064385E+00   -0.96857893E+00
    0.37473564E+00   -0.98226327E+00
    0.37895768E+00   -0.99609285E+00
    0.38331410E+00   -0.10100686E+01
    0.38780922E+00   -0.10241912E+01
    0.39244755E+00   -0.10384610E+01
    0.39723364E+00   -0.10528784E+01
    0.40217210E+00   -0.10674435E+01
    0.40726757E+00   -0.10821564E+01
    0.41252462E+00   -0.10970175E+01
    0.41794793E+00   -0.11120269E+01
    0.42354236E+00   -0.11271842E+01
    0.42931280E+00   -0.11424893E+01
    0.43526414E+00   -0.11579416E+01
    0.44140116E+00   -0.11735412E+01
    0.44772754E+00   -0.11892901E+01
    0.45424645E+00   -0.12051919E+01
    0.46095962E+00   -0.12212537E+01
    0.46786803E+00   -0.12374850E+01
    0.47497330E+00   -0.12538952E+01
    0.48227778E+00   -0.12704929E+01
    0.48978902E+00   -0.12872752E+01
    0.49752056E+00   -0.13042237E+01
    0.50549734E+00   -0.13212878E+01
    0.51376125E+00   -0.13383653E+01
    0.52237039E+00   -0.13552955E+01
    0.53141473E+00   -0.13718047E+01
    0.54099709E+00   -0.13875435E+01
    0.55125697E+00   -0.14020011E+01
    0.56232984E+00   -0.14146053E+01
    0.57435824E+00   -0.14246762E+01
    0.58745295E+00   -0.14315396E+01
    0.60164536E+00   -0.14347003E+01
    0.61691720E+00   -0.14337701E+01
    0.63311187E+00   -0.14288370E+01
    0.65001072E+00   -0.14202640E+01
    0.66736626E+00   -0.14086105E+01
    0.68490326E+00   -0.13946755E+01
    0.70238645E+00   -0.13792383E+01
    0.71964808E+00   -0.13629148E+01
    0.73655596E+00   -0.13462759E+01
    0.75303310E+00   -0.13297233E+01
    0.76904813E+00   -0.13134905E+01
    0.78458556E+00   -0.12977728E+01
    0.79965809E+00   -0.12826292E+01
    0.81428571E+00   -0.12680819E+01
    0.82849232E+00   -0.12541271E+01
    0.84230470E+00   -0.12407322E+01
    0.85574825E+00   -0.12278625E+01
    0.86884661E+00   -0.12154833E+01
    0.88162179E+00   -0.12035597E+01
    0.89409400E+00   -0.11920581E+01
    0.90628174E+00   -0.11809474E+01
    0.91820202E+00   -0.11701965E+01
    0.92987030E+00   -0.11597765E+01
    0.94130068E+00   -0.11496596E+01
    0.95250590E+00   -0.11398195E+01
    0.96349750E+00   -0.11302329E+01
    0.97428593E+00   -0.11208775E+01
    0.98488066E+00   -0.11117373E+01
    0.99529048E+00   -0.11027987E+01
    0.10055235E+01   -0.10940485E+01
    0.10155874E+01   -0.10854749E+01
    0.10254891E+01   -0.10770660E+01
    0.10352350E+01   -0.10688091E+01
    0.10448309E+01   -0.10606914E+01
    0.10542822E+01   -0.10527014E+01
    0.10635937E+01   -0.10448296E+01
    0.10727702E+01   -0.10370668E+01
    0.10818158E+01   -0.10294054E+01
    0.10907347E+01   -0.10218386E+01
    0.10995307E+01   -0.10143611E+01
    0.11082079E+01   -0.10069694E+01
    0.11167699E+01   -0.99966028E+00
    0.11252207E+01   -0.99243171E+00
    0.11335639E+01   -0.98528165E+00
    0.11418030E+01   -0.97820683E+00
    0.11499409E+01   -0.97120313E+00
    0.11579802E+01   -0.96426544E+00
    0.11659230E+01   -0.95738668E+00
    0.11737708E+01   -0.95055971E+00
    0.11815250E+01   -0.94377827E+00
    0.11891871E+01   -0.93703653E+00
    0.11967583E+01   -0.93032983E+00
    0.12042401E+01   -0.92365496E+00
    0.12116339E+01   -0.91700902E+00
    0.12189415E+01   -0.91039000E+00
    0.12261641E+01   -0.90379612E+00
    0.12333037E+01   -0.89722657E+00
    0.12403621E+01   -0.89068114E+00
    0.12473413E+01   -0.88415988E+00
    0.12542433E+01   -0.87766323E+00
    0.12610702E+01   -0.87119147E+00
    0.12678237E+01   -0.86474378E+00
    0.12745051E+01   -0.85831887E+00
    0.12811155E+01   -0.85191463E+00
    0.12876553E+01   -0.84552813E+00
    0.12941250E+01   -0.83915626E+00
    0.13005244E+01   -0.83279546E+00
    0.13068535E+01   -0.82644239E+00
    0.13131127E+01   -0.82009528E+00
    0.13193026E+01   -0.81375307E+00
    0.13254244E+01   -0.80741573E+00
    0.13314798E+01   -0.80108423E+00
    0.13374702E+01   -0.79475929E+00
    0.13433970E+01   -0.78844103E+00
    0.13492612E+01   -0.78212932E+00
    0.13550637E+01   -0.77582339E+00
    0.13608049E+01   -0.76952225E+00
    0.13664853E+01   -0.76322472E+00
    0.13721052E+01   -0.75692949E+00
    0.13776648E+01   -0.75063536E+00
    0.13831644E+01   -0.74434124E+00
    0.13886043E+01   -0.73804621E+00
    0.13939851E+01   -0.73174988E+00
    0.13993074E+01   -0.72545194E+00
    0.14045720E+01   -0.71915227E+00
    0.14097795E+01   -0.71285078E+00
    0.14149304E+01   -0.70654694E+00
    0.14200249E+01   -0.70023988E+00
    0.14250630E+01   -0.69392863E+00
    0.14300444E+01   -0.68761208E+00
    0.14349691E+01   -0.68128931E+00
    0.14398373E+01   -0.67495983E+00
    0.14446492E+01   -0.66862333E+00
    0.14494054E+01   -0.66227982E+00
    0.14541066E+01   -0.65592942E+00
    0.14587535E+01   -0.64957239E+00
    0.14633469E+01   -0.64320901E+00
    0.14678877E+01   -0.63683965E+00
    0.14723768E+01   -0.63046472E+00
    0.14768154E+01   -0.62408464E+00
    0.14812043E+01   -0.61769980E+00
    0.14855446E+01   -0.61131049E+00
    0.14898371E+01   -0.60491685E+00
    0.14940826E+01   -0.59851888E+00
    0.14982815E+01   -0.59211637E+00
    0.15024341E+01   -0.58570897E+00
    0.15065407E+01   -0.57929614E+00
    0.15106011E+01   -0.57287727E+00
    0.15146152E+01   -0.56645154E+00
    0.15185826E+01   -0.56001816E+00
    0.15225029E+01   -0.55357634E+00
    0.15263758E+01   -0.54712538E+00
    0.15302013E+01   -0.54066490E+00
    0.15339795E+01   -0.53419464E+00
    0.15377109E+01   -0.52771464E+00
    0.15413962E+01   -0.52122506E+00
    0.15450362E+01   -0.51472615E+00
    0.15486319E+01   -0.50821826E+00
    0.15521845E+01   -0.50170177E+00
    0.15556952E+01   -0.49517711E+00
    0.15591652E+01   -0.48864466E+00
    0.15625960E+01   -0.48210481E+00
    0.15659887E+01   -0.47555778E+00
    0.15693445E+01   -0.46900374E+00
    0.15726644E+01   -0.46244269E+00
    0.15759493E+01   -0.45587454E+00
    0.15792000E+01   -0.44929909E+00
    0.15824170E+01   -0.44271605E+00
    0.15856008E+01   -0.43612502E+00
    0.15887517E+01   -0.42952547E+00
    0.15918695E+01   -0.42291671E+00
    0.15949540E+01   -0.41629798E+00
    0.15980046E+01   -0.40966846E+00
    0.16010209E+01   -0.40302731E+00
    0.16040019E+01   -0.39637366E+00
    0.16069469E+01   -0.38970662E+00
    0.16098548E+01   -0.38302529E+00
    0.16127242E+01   -0.37632873E+00
    0.16155539E+01   -0.36961603E+00
    0.16183423E+01   -0.36288635E+00
    0.16210881E+01   -0.35613890E+00
    0.16237902E+01   -0.34937314E+00
    0.16264480E+01   -0.34258870E+00
    0.16290614E+01   -0.33578548E+00
    0.16316309E+01   -0.32896355E+00
    0.16341575E+01   -0.32212313E+00
    0.16366424E+01   -0.31526445E+00
    0.16390867E+01   -0.30838774E+00
    0.16414918E+01   -0.30149313E+00
    0.16438587E+01   -0.29458068E+00
    0.16461884E+01   -0.28765035E+00
    0.16484817E+01   -0.28070201E+00
    0.16507390E+01   -0.27373542E+00
    0.16529608E+01   -0.26675034E+00
    0.16551475E+01   -0.25974644E+00
    0.16572990E+01   -0.25272331E+00
    0.16594149E+01   -0.24568046E+00
    0.16614937E+01   -0.23861720E+00
    0.16635330E+01   -0.23153270E+00
    0.16655290E+01   -0.22442606E+00
    0.16674776E+01   -0.21729640E+00
    0.16693744E+01   -0.21014300E+00
    0.16712161E+01   -0.20296549E+00
    0.16730005E+01   -0.19576380E+00
    0.16747279E+01   -0.18853820E+00
    0.16764000E+01   -0.18128916E+00
    0.16780196E+01   -0.17401719E+00
    0.16795906E+01   -0.16672272E+00
    0.16811165E+01   -0.15940602E+00
    0.16826002E+01   -0.15206715E+00
    0.16840435E+01   -0.14470596E+00
    0.16854461E+01   -0.13732212E+00
    0.16868055E+01   -0.12991522E+00
    0.16881175E+01   -0.12248486E+00
    0.16893766E+01   -0.11503081E+00
    0.16905767E+01   -0.10755305E+00
  221    4
    2    1
    0.00000000E+00
    0.28774214E-02
    0.57549791E-02
    0.86328064E-02
    0.11511030E-01
    0.14389767E-01
    0.17269123E-01
    0.20149192E-01
    0.23030054E-01
    0.25911779E-01
    0.28794432E-01
    0.31678071E-01
    0.34562759E-01
    0.37448562E-01
    0.40335554E-01
    0.43223818E-01
    0.46113444E-01
    0.49004529E-01
    0.51897174E-01
    0.54791480E-01
    0.57687545E-01
    0.60585466E-01
    0.63485333E-01
    0.66387232E-01
    0.69291247E-01
    0.72197455E-01
    0.75105932E-01
    0.78016749E-01
    0.80929980E-01
    0.83845695E-01
    0.86763965E-01
    0.89684859E-01
    0.92608445E-01
    0.95534791E-01
    0.98463963E-01
    0.10139603E+00
    0.10433104E+00
    0.10726907E+00
    0.11021018E+00
    0.11315442E+00
    0.11610186E+00
    0.11905255E+00
    0.12200655E+00
    0.12496391E+00
    0.12792469E+00
    0.13088895E+00
    0.13385673E+00
    0.13682809E+00
    0.13980308E+00
    0.14278176E+00
    0.14576417E+00
    0.14875037E+00
    0.15174040E+00
    0.15473432E+00
    0.15773217E+00
    0.16073401E+00
    0.16373989E+00
    0.16674986E+00
    0.16976397E+00
    0.17278227E+00
    0.17580481E+00
    0.17883165E+00
    0.18186284E+00
    0.18489843E+00
    0.18793848E+00
    0.19098304E+00
    0.19403217E+00
    0.19708592E+00
    0.20014437E+00
    0.20320756E+00
    0.20627556E+00
    0.20934843E+00
    0.21242623E+00
    0.21550905E+00
    0.21859693E+00
    0.22168995E+00
    0.22478818E+00
    0.22789171E+00
    0.23100059E+00
    0.23411492E+00
    0.23723477E+00
    0.24036023E+00
    0.24349137E+00
    0.24662829E+00
    0.24977109E+00
    0.25291985E+00
    0.25607466E+00
    0.25923564E+00
    0.26240287E+00
    0.26557648E+00
    0.26875656E+00
    0.27194322E+00
    0.27513659E+00
    0.27833677E+00
    0.28154390E+00
    0.28475811E+00
    0.28797951E+00
    0.29120824E+00
    0.29444445E+00
    0.29768828E+00
    0.30093986E+00
    0.30419936E+00
    0.30746692E+00
    0.31074271E+00
    0.31402690E+00
    0.31731965E+00
    0.32062113E+00
    0.32393154E+00
    0.32725105E+00
    0.33057986E+00
    0.33391817E+00
    0.33726617E+00
    0.34062408E+00
    0.34399211E+00
    0.34737049E+00
    0.35075944E+00
    0.35415921E+00
    0.35757003E+00
    0.36099216E+00
    0.36442585E+00
    0.36787138E+00
    0.37132901E+00
    0.37479904E+00
    0.37828175E+00
    0.38177745E+00
    0.38528644E+00
    0.38880906E+00
    0.39234563E+00
    0.39589650E+00
    0.39946202E+00
    0.40304257E+00
    0.40663850E+00
    0.41025022E+00
    0.41387814E+00
    0.41752267E+00
    0.42118424E+00
    0.42486330E+00
    0.42856031E+00
    0.43227576E+00
    0.43601015E+00
    0.43976398E+00
    0.44353779E+00
    0.44733214E+00
    0.45114760E+00
    0.45498477E+00
    0.45884426E+00
    0.46272673E+00
    0.46663283E+00
    0.47056327E+00
    0.47451876E+00
    0.47850006E+00
    0.48250795E+00
    0.48654325E+00
    0.49060680E+00
    0.49469950E+00
    0.49882226E+00
    0.50297607E+00
    0.50716191E+00
    0.51138085E+00
    0.51563399E+00
    0.51992247E+00
    0.52424752E+00
    0.52861039E+00
    0.53301240E+00
    0.53745495E+00
    0.54193950E+00
    0.54646757E+00
    0.55104077E+00
    0.55566080E+00
    0.56032944E+00
    0.56504855E+00
    0.56982012E+00
    0.57464623E+00
    0.57952907E+00
    0.58447099E+00
    0.58947444E+00
    0.59454203E+00
    0.59967653E+00
    0.60488088E+00
    0.61015820E+00
    0.61551183E+00
    0.62094531E+00
    0.62646242E+00
    0.63206722E+00
    0.63776404E+00
    0.64355751E+00
    0.64945261E+00
    0.65545471E+00
    0.66156955E+00
    0.66780336E+00
    0.67416282E+00
    0.68065518E+00
    0.68728827E+00
    0.69407058E+00
    0.70101130E+00
    0.70812043E+00
    0.71540879E+00
    0.72288818E+00
    0.73057138E+00
    0.73847230E+00
    0.74660599E+00
    0.75498872E+00
    0.76363812E+00
    0.77257331E+00
    0.78181516E+00
    0.79138661E+00
    0.80131312E+00
    0.81162324E+00
    0.82234950E+00
    0.83352966E+00
    0.84520838E+00
    0.85744077E+00
    0.87029385E+00
    0.88381797E+00
    0.89799253E+00
    0.91274262E+00
    0.92803911E+00
    0.94398360E+00
    0.96085375E+00
    0.97912242E+00
    0.10000000E+01
   -0.59921704E+00
   -0.59771508E+00
   -0.59621304E+00
   -0.59471087E+00
   -0.59320849E+00
   -0.59170584E+00
   -0.59020286E+00
   -0.58869952E+00
   -0.58719576E+00
   -0.58569155E+00
   -0.58418685E+00
   -0.58268164E+00
   -0.58117589E+00
   -0.57966955E+00
   -0.57816259E+00
   -0.57665497E+00
   -0.57514663E+00
   -0.57363754E+00
   -0.57212763E+00
   -0.57061685E+00
   -0.56618325E+00
   -0.55939836E+00
   -0.55260892E+00
   -0.54581472E+00
   -0.53901557E+00
   -0.53221128E+00
   -0.52540168E+00
   -0.51858660E+00
   -0.51133173E+00
   -0.50363617E+00
   -0.49593387E+00
   -0.48822464E+00
   -0.48050830E+00
   -0.47278468E+00
   -0.46499377E+00
   -0.45706760E+00
   -0.44913346E+00
   -0.44119116E+00
   -0.43324055E+00
   -0.42530072E+00
   -0.41750969E+00
   -0.40971007E+00
   -0.40190171E+00
   -0.39408445E+00
   -0.38645969E+00
   -0.37901323E+00
   -0.37155791E+00
   -0.36409360E+00
   -0.35680967E+00
   -0.34984173E+00
   -0.34286506E+00
   -0.33587953E+00
   -0.32920795E+00
   -0.32278989E+00
   -0.31636339E+00
   -0.30992835E+00
   -0.30410569E+00
   -0.29827510E+00
   -0.29243650E+00
   -0.28700836E+00
   -0.28178500E+00
   -0.27655421E+00
   -0.27163365E+00
   -0.26701397E+00
   -0.26238749E+00
   -0.25806279E+00
   -0.25403241E+00
   -0.24999592E+00
   -0.24632734E+00
   -0.24286471E+00
   -0.23939665E+00
   -0.23641873E+00
   -0.23349834E+00
   -0.23070049E+00
   -0.22829773E+00
   -0.22589097E+00
   -0.22382066E+00
   -0.22190138E+00
   -0.22007968E+00
   -0.21861682E+00
   -0.21715137E+00
   -0.21603877E+00
   -0.21499999E+00
   -0.21415926E+00
   -0.21351729E+00
   -0.21296270E+00
   -0.21268920E+00
   -0.21242796E+00
   -0.21249626E+00
   -0.21256469E+00
   -0.21291467E+00
   -0.21330029E+00
   -0.21391750E+00
   -0.21459648E+00
   -0.21547601E+00
   -0.21642651E+00
   -0.21756084E+00
   -0.21876267E+00
   -0.22014224E+00
   -0.22157661E+00
   -0.22319045E+00
   -0.22484000E+00
   -0.22667628E+00
   -0.22854332E+00
   -0.23057186E+00
   -0.23265100E+00
   -0.23485068E+00
   -0.23712876E+00
   -0.23948781E+00
   -0.24195227E+00
   -0.24445996E+00
   -0.24709735E+00
   -0.24977576E+00
   -0.25254205E+00
   -0.25538050E+00
   -0.25826790E+00
   -0.26125389E+00
   -0.26428167E+00
   -0.26737773E+00
   -0.27054062E+00
   -0.27374576E+00
   -0.27702337E+00
   -0.28034977E+00
   -0.28371805E+00
   -0.28715420E+00
   -0.29062992E+00
   -0.29414699E+00
   -0.29772147E+00
   -0.30133255E+00
   -0.30498136E+00
   -0.30867862E+00
   -0.31241003E+00
   -0.31617523E+00
   -0.31997889E+00
   -0.32381484E+00
   -0.32768001E+00
   -0.33157547E+00
   -0.33549789E+00
   -0.33944466E+00
   -0.34341508E+00
   -0.34740486E+00
   -0.35141126E+00
   -0.35543379E+00
   -0.35947089E+00
   -0.36351277E+00
   -0.36755804E+00
   -0.37160686E+00
   -0.37565621E+00
   -0.37969707E+00
   -0.38371587E+00
   -0.38771848E+00
   -0.38843026E+00
   -0.37962452E+00
   -0.34273595E+00
   -0.32136213E+00
   -0.32800849E+00
   -0.34736011E+00
   -0.36515431E+00
   -0.38219362E+00
   -0.39845888E+00
   -0.41358460E+00
   -0.42760273E+00
   -0.44057869E+00
   -0.45256389E+00
   -0.46359092E+00
   -0.47381180E+00
   -0.48281715E+00
   -0.49054440E+00
   -0.49719610E+00
   -0.50279222E+00
   -0.49990807E+00
   -0.48280484E+00
   -0.45996548E+00
   -0.44979087E+00
   -0.45034419E+00
   -0.45068959E+00
   -0.45079993E+00
   -0.45067700E+00
   -0.45030143E+00
   -0.44964993E+00
   -0.44869467E+00
   -0.44740284E+00
   -0.44573593E+00
   -0.44364891E+00
   -0.44108944E+00
   -0.43799679E+00
   -0.43430064E+00
   -0.42991969E+00
   -0.42476009E+00
   -0.41871356E+00
   -0.41165523E+00
   -0.40344117E+00
   -0.39390551E+00
   -0.38285708E+00
   -0.37007550E+00
   -0.35530675E+00
   -0.33825785E+00
   -0.31859083E+00
   -0.29591565E+00
   -0.26980056E+00
   -0.24005421E+00
   -0.20733758E+00
   -0.17331099E+00
   -0.14012161E+00
   -0.11044367E+00
   -0.86686420E-01
   -0.71361107E-01
   -0.67289976E-01
   -0.77580039E-01
   -0.10569054E+00
   -0.15553380E+00
   -0.23211574E+00
   -0.34431865E+00
   -0.51609199E+00
   -0.79210245E+00
   -0.11210609E+01
   -0.13187609E+01
   -0.12198358E+01
   -0.91355813E+00
   -0.57712342E+00
   -0.38879178E+00
    0.16123179E+01
    0.15956566E+01
    0.15953852E+01
    0.15950504E+01
    0.15946521E+01
    0.15941903E+01
    0.15936650E+01
    0.15930766E+01
    0.15924255E+01
    0.15917118E+01
    0.15909362E+01
    0.15900991E+01
    0.15892014E+01
    0.15882438E+01
    0.15872272E+01
    0.15861524E+01
    0.15850205E+01
    0.15838328E+01
    0.15825903E+01
    0.15812941E+01
    0.15798455E+01
    0.15782700E+01
    0.15766503E+01
    0.15749876E+01
    0.15732833E+01
    0.15715382E+01
    0.15697535E+01
    0.15679307E+01
    0.15660381E+01
    0.15640780E+01
    0.15620843E+01
    0.15600589E+01
    0.15580034E+01
    0.15559192E+01
    0.15537962E+01
    0.15516225E+01
    0.15494247E+01
    0.15472044E+01
    0.15449628E+01
    0.15426987E+01
    0.15403931E+01
    0.15380703E+01
    0.15357312E+01
    0.15333773E+01
    0.15309989E+01
    0.15285980E+01
    0.15261851E+01
    0.15237612E+01
    0.15213205E+01
    0.15188585E+01
    0.15163880E+01
    0.15139096E+01
    0.15114135E+01
    0.15089022E+01
    0.15063846E+01
    0.15038611E+01
    0.15013122E+01
    0.14987579E+01
    0.14961987E+01
    0.14936204E+01
    0.14910303E+01
    0.14884353E+01
    0.14858241E+01
    0.14831969E+01
    0.14805647E+01
    0.14779150E+01
    0.14752480E+01
    0.14725755E+01
    0.14698806E+01
    0.14671703E+01
    0.14644531E+01
    0.14617049E+01
    0.14589459E+01
    0.14561721E+01
    0.14533683E+01
    0.14505552E+01
    0.14477125E+01
    0.14448502E+01
    0.14419702E+01
    0.14390551E+01
    0.14361273E+01
    0.14331612E+01
    0.14301754E+01
    0.14271596E+01
    0.14241129E+01
    0.14210422E+01
    0.14179307E+01
    0.14147998E+01
    0.14116192E+01
    0.14084188E+01
    0.14051694E+01
    0.14018949E+01
    0.13985727E+01
    0.13952206E+01
    0.13918205E+01
    0.13883871E+01
    0.13849040E+01
    0.13813855E+01
    0.13778143E+01
    0.13742070E+01
    0.13705428E+01
    0.13668430E+01
    0.13630802E+01
    0.13592801E+01
    0.13554173E+01
    0.13515108E+01
    0.13475459E+01
    0.13435288E+01
    0.13394580E+01
    0.13353256E+01
    0.13311452E+01
    0.13268899E+01
    0.13225837E+01
    0.13182126E+01
    0.13137784E+01
    0.13092874E+01
    0.13047172E+01
    0.13000881E+01
    0.12953894E+01
    0.12906180E+01
    0.12857823E+01
    0.12808649E+01
    0.12758769E+01
    0.12708201E+01
    0.12656719E+01
    0.12604515E+01
    0.12551567E+01
    0.12497657E+01
    0.12442973E+01
    0.12387492E+01
    0.12330991E+01
    0.12273647E+01
    0.12215436E+01
    0.12156197E+01
    0.12096002E+01
    0.12034863E+01
    0.11972710E+01
    0.11909442E+01
    0.11845155E+01
    0.11779819E+01
    0.11713298E+01
    0.11645611E+01
    0.11576783E+01
    0.11506780E+01
    0.11435457E+01
    0.11362841E+01
    0.11288939E+01
    0.11213715E+01
    0.11137079E+01
    0.11058930E+01
    0.10979329E+01
    0.10899391E+01
    0.10821286E+01
    0.10751540E+01
    0.10674581E+01
    0.10585890E+01
    0.10490833E+01
    0.10394452E+01
    0.10296397E+01
    0.10196473E+01
    0.10094864E+01
    0.99915064E+00
    0.98863061E+00
    0.97791677E+00
    0.96700197E+00
    0.95588004E+00
    0.94455668E+00
    0.93304808E+00
    0.92134719E+00
    0.90945273E+00
    0.89762577E+00
    0.88605977E+00
    0.87444450E+00
    0.86213588E+00
    0.84920845E+00
    0.83603838E+00
    0.82261920E+00
    0.80895184E+00
    0.79503316E+00
    0.78086029E+00
    0.76643082E+00
    0.75174310E+00
    0.73679672E+00
    0.72159263E+00
    0.70613358E+00
    0.69042507E+00
    0.67447578E+00
    0.65829822E+00
    0.64191014E+00
    0.62533593E+00
    0.60860748E+00
    0.59176663E+00
    0.57486782E+00
    0.55797977E+00
    0.54118987E+00
    0.52460843E+00
    0.50837240E+00
    0.49265324E+00
    0.47766254E+00
    0.46366234E+00
    0.45097608E+00
    0.44001290E+00
    0.43117737E+00
    0.42478426E+00
    0.42114476E+00
    0.42027754E+00
    0.42208491E+00
    0.42632858E+00
    0.43258101E+00
    0.44008135E+00
    0.44812197E+00
    0.45644387E+00
    0.49579225E+00
    0.64130765E+00
    0.84593692E+00
    0.97551726E+00
    0.93173642E+00
    0.78960383E+00
    0.45082284E+00
    0.26383046E+00
    0.11862137E+00
